0.000000 0.000000
0.001000 0.100000
0.002000 0.200000
0.003000 0.300000
0.004000 0.400000
0.005000 0.500000
0.006000 0.600000
0.007000 0.700000
0.008000 0.800000
0.009000 0.900000
0.010000 1.000000
0.011000 1.100000
0.012000 1.200000
0.013000 1.300000
0.014000 1.400000
0.015000 1.500000
0.016000 1.600000
0.017000 1.700000
0.018000 1.800000
0.019000 1.900000
0.020000 2.000000
0.021000 2.100000
0.022000 2.200000
0.023000 2.300000
0.024000 2.400000
0.025000 2.475000
0.026000 2.487500
0.027000 2.487500
0.028000 2.525000
0.029000 2.525000
