0 50
1 50
2 50
3 50
4 50
5 50
6 50
7 50
8 50
9 50
10 50
11 50
12 50
13 50
14 50
15 50
16 50
17 50
18 50
19 51
20 52
21 53
22 54
23 55
24 56
25 56
26 57
27 58
28 59
29 60
30 61
31 62
32 63
33 64
34 65
35 66
36 67
37 68
38 69
39 70
40 71
41 72
42 73
43 75
44 76
45 77
46 78
47 79
48 80
49 81
50 82
51 83
52 84
53 85
54 86
55 87
56 88
57 89
58 90
59 91
60 92
61 93
62 94
63 95
64 96
65 97
66 98
67 99
68 100
69 101
70 102
71 103
72 104
73 105
74 106
75 107
76 108
77 109
78 110
79 111
80 112
81 113
82 114
83 115
84 116
85 117
86 118
87 119
88 120
89 121
90 122
91 123
92 124
93 125
94 126
95 127
96 128
97 129
98 130
99 131
100 132
101 133
102 134
103 135
104 136
105 137
106 138
107 139
108 140
109 141
110 142
111 143
112 144
113 145
114 146
115 147
116 148
117 149
118 150
119 151
120 152
121 153
122 154
123 155
124 156
125 157
126 158
127 159
128 160
129 161
130 162
131 163
132 164
133 165
134 166
135 168
136 169
137 170
138 171
139 172
140 173
141 174
142 175
143 176
144 177
145 178
146 179
147 180
148 181
149 182
150 183
151 184
152 185
153 186
154 187
155 188
156 189
157 190
158 191
159 192
160 194
161 195
162 196
163 197
164 198
165 199
166 200
167 201
168 202
169 203
170 204
171 205
172 206
173 207
174 208
175 209
176 210
177 211
178 212
179 213
180 214
181 215
182 216
183 217
184 218
185 219
186 220
187 221
188 222
189 223
190 224
191 225
192 226
193 227
194 228
195 229
196 230
197 231
198 232
199 233
200 234
201 235
202 237
203 238
204 239
205 240
206 241
207 242
208 243
209 244
210 245
211 246
212 247
213 248
214 249
215 250
216 251
217 252
218 253
219 254
220 255
221 256
222 257
223 258
224 259
225 260
226 261
227 262
228 263
229 264
230 265
231 266
232 267
233 268
234 269
235 270
236 271
237 272
238 273
239 274
240 275
241 276
242 277
243 278
244 279
245 280
246 281
247 282
248 283
249 284
250 285
251 286
252 287
253 289
254 290
255 291
256 292
257 293
258 294
259 295
260 296
261 297
262 298
263 299
264 300
265 301
266 302
267 303
268 304
269 305
270 306
271 307
272 308
273 309
274 310
275 311
276 312
277 313
278 314
279 315
280 316
281 317
282 318
283 319
284 320
285 321
286 322
287 323
288 324
289 325
290 326
291 327
292 328
293 329
294 330
295 331
296 332
297 333
298 334
299 335
