0.000000 0.999374
0.001000 0.535301
0.002000 0.286277
0.003000 0.152858
0.004000 0.081459
0.005000 0.043904
0.006000 0.023625
0.007000 0.012693
0.008000 0.006809
0.009000 0.003647
0.010000 0.001950
0.011000 0.001041
0.012000 0.000555
0.013000 0.000299
0.014000 0.000161
0.015000 0.000086
0.016000 0.000046
0.017000 0.000025
0.018000 0.000013
0.019000 0.000007
0.020000 0.000004
0.021000 0.000002
0.022000 0.000001
0.023000 0.000001
0.024000 0.000000
0.025000 0.000000
0.026000 0.000000
0.027000 0.000000
0.028000 0.000000
0.029000 0.000000
