0 100
1 100
2 100
3 100
4 100
5 100
6 100
7 100
8 100
9 100
10 100
11 100
12 100
13 100
14 100
15 100
16 100
17 100
18 101
19 102
20 103
21 104
22 105
23 106
24 107
25 108
26 109
27 110
28 111
29 112
30 113
31 114
32 115
33 116
34 117
35 118
36 119
37 120
38 121
39 122
40 123
41 124
42 125
43 126
44 127
45 128
46 129
47 130
48 131
49 132
50 133
51 134
52 135
53 136
54 137
55 138
56 139
57 140
58 141
59 142
60 143
61 144
62 145
63 146
64 147
65 148
66 149
67 151
68 152
69 153
70 154
71 155
72 156
73 157
74 158
75 159
76 160
77 161
78 162
79 163
80 164
81 165
82 166
83 167
84 168
85 170
86 171
87 172
88 173
89 174
90 175
91 176
92 177
93 178
94 179
95 180
96 181
97 182
98 183
99 184
100 185
101 186
102 187
103 188
104 189
105 190
106 191
107 192
108 193
109 194
110 195
111 197
112 198
113 199
114 200
115 201
116 202
117 203
118 204
119 205
120 206
121 207
122 208
123 209
124 210
125 211
126 212
127 213
128 214
129 215
130 216
131 217
132 218
133 219
134 220
135 221
136 222
137 223
138 224
139 225
140 226
141 227
142 228
143 229
144 231
145 232
146 233
147 234
148 235
149 236
150 237
151 238
152 239
153 240
154 241
155 242
156 243
157 244
158 245
159 246
160 247
161 248
162 249
163 250
164 251
165 252
166 253
167 254
168 255
169 257
170 258
171 259
172 260
173 261
174 262
175 263
176 264
177 265
178 266
179 267
180 268
181 269
182 270
183 271
184 272
185 273
186 274
187 275
188 276
189 277
190 278
191 279
192 280
193 281
194 282
195 283
196 284
197 285
198 286
199 287
200 288
201 290
202 291
203 292
204 293
205 294
206 295
207 296
208 297
209 298
210 299
211 300
212 301
213 302
214 303
215 304
216 305
217 306
218 307
219 308
220 309
221 310
222 311
223 312
224 313
225 314
226 315
227 316
228 317
229 318
230 319
231 320
232 321
233 322
234 323
235 324
236 325
237 326
238 327
239 329
240 330
241 331
242 332
243 333
244 334
245 335
246 336
247 337
248 338
249 339
250 340
251 341
252 342
253 343
254 344
255 345
256 346
257 347
258 348
259 349
260 350
261 351
262 352
263 353
264 354
265 355
266 356
267 357
268 358
269 359
270 360
271 361
272 363
273 364
274 365
275 366
276 367
277 368
278 369
279 370
280 371
281 372
282 373
283 374
284 375
285 376
286 377
287 378
288 379
289 380
290 381
291 382
292 383
293 384
294 385
295 386
296 387
297 388
298 389
299 390
