0.000000 0.000000
0.001000 0.100000
0.002000 0.200000
0.003000 0.300000
0.004000 0.400000
0.005000 0.500000
0.006000 0.600000
0.007000 0.700000
0.008000 0.800000
0.009000 0.900000
0.010000 0.950000
0.011000 0.962500
0.012000 0.962500
0.013000 0.975000
0.014000 0.975000
0.015000 0.975000
0.016000 0.975000
0.017000 0.975000
0.018000 0.987500
0.019000 0.987500
0.020000 1.025000
0.021000 1.025000
0.022000 1.025000
0.023000 1.025000
0.024000 1.025000
0.025000 1.025000
0.026000 1.025000
0.027000 1.025000
0.028000 1.025000
0.029000 1.025000
