0.000000 0.999998
0.001000 0.997546
0.002000 0.995100
0.003000 0.992660
0.004000 0.990226
0.005000 0.987798
0.006000 0.985376
0.007000 0.982959
0.008000 0.980549
0.009000 0.978143
0.010000 0.972100
0.011000 0.947973
0.012000 0.901475
0.013000 0.834076
0.014000 0.748645
0.015000 0.645242
0.016000 0.526494
0.017000 0.395394
0.018000 0.259180
0.019000 0.119900
0.020000 -0.000000
0.021000 -0.000000
0.022000 -0.000000
0.023000 -0.000000
0.024000 -0.000000
0.025000 -0.000000
0.026000 -0.000000
0.027000 -0.000000
0.028000 -0.000000
0.029000 -0.000000
