0 33
1 33
2 33
3 33
4 33
5 33
6 33
7 33
8 33
9 33
10 33
11 33
12 33
13 33
14 33
15 33
16 33
17 33
18 34
19 34
20 34
21 35
22 36
23 37
24 38
25 39
26 40
27 41
28 42
29 43
30 44
31 45
32 46
33 47
34 48
35 49
36 50
37 51
38 52
39 53
40 54
41 55
42 56
43 57
44 58
45 59
46 60
47 61
48 62
49 63
50 64
51 66
52 67
53 68
54 69
55 70
56 71
57 72
58 73
59 74
60 75
61 76
62 77
63 78
64 79
65 80
66 81
67 82
68 83
69 84
70 86
71 87
72 88
73 89
74 90
75 91
76 92
77 93
78 94
79 95
80 96
81 97
82 98
83 99
84 100
85 101
86 102
87 103
88 104
89 105
90 106
91 107
92 108
93 109
94 110
95 111
96 112
97 113
98 114
99 115
100 116
101 117
102 118
103 119
104 120
105 121
106 122
107 123
108 124
109 125
110 126
111 127
112 128
113 129
114 130
115 131
116 132
117 133
118 134
119 135
120 136
121 137
122 138
123 139
124 140
125 141
126 142
127 143
128 144
129 145
130 146
131 147
132 148
133 149
134 150
135 151
136 152
137 154
138 155
139 156
140 157
141 158
142 159
143 160
144 161
145 162
146 163
147 164
148 165
149 166
150 167
151 168
152 169
153 170
154 171
155 172
156 173
157 174
158 175
159 176
160 177
161 178
162 179
163 180
164 181
165 182
166 183
167 184
168 185
169 186
170 187
171 188
172 189
173 190
174 191
175 192
176 194
177 195
178 196
179 197
180 198
181 199
182 200
183 201
184 202
185 203
186 204
187 205
188 206
189 207
190 208
191 209
192 210
193 211
194 212
195 213
196 214
197 215
198 216
199 217
200 218
201 219
202 220
203 221
204 222
205 223
206 224
207 225
208 226
209 227
210 228
211 229
212 230
213 231
214 232
215 233
216 234
217 235
218 236
219 237
220 238
221 239
222 240
223 241
224 242
225 243
226 244
227 245
228 246
229 247
230 248
231 249
232 250
233 251
234 252
235 253
236 254
237 255
238 256
239 257
240 258
241 259
242 260
243 261
244 262
245 263
246 264
247 265
248 266
249 267
250 268
251 269
252 270
253 271
254 272
255 273
256 274
257 275
258 276
259 277
260 278
261 279
262 280
263 282
264 283
265 284
266 285
267 286
268 287
269 288
270 289
271 290
272 291
273 292
274 293
275 294
276 295
277 296
278 297
279 298
280 299
281 300
282 301
283 302
284 303
285 304
286 305
287 306
288 307
289 308
290 309
291 310
292 311
293 312
294 313
295 314
296 315
297 316
298 317
299 318
