0.000000 0.999961
0.001000 0.961461
0.002000 0.924444
0.003000 0.888851
0.004000 0.854628
0.005000 0.821723
0.006000 0.790084
0.007000 0.759664
0.008000 0.730414
0.009000 0.702290
0.010000 0.675249
0.011000 0.649249
0.012000 0.624249
0.013000 0.600212
0.014000 0.577101
0.015000 0.554879
0.016000 0.533512
0.017000 0.512968
0.018000 0.493215
0.019000 0.474223
0.020000 0.455961
0.021000 0.438403
0.022000 0.421521
0.023000 0.405288
0.024000 0.389681
0.025000 0.366577
0.026000 0.259726
0.027000 0.076404
0.028000 -0.000000
0.029000 -0.000000
