0.000000 0.800000
0.010000 0.798425
0.020000 0.796894
0.030000 0.795408
0.040000 0.793964
0.050000 0.792562
0.060000 0.791201
0.070000 0.789879
0.080000 0.788597
0.090000 0.787353
0.100000 0.786146
0.110000 0.784976
0.120000 0.783841
0.130000 0.782742
0.140000 0.781677
0.150000 0.780645
0.160000 0.779647
0.170000 0.778680
0.180000 0.777745
0.190000 0.776841
0.200000 0.775968
0.210000 0.775123
0.220000 0.774308
0.230000 0.773522
0.240000 0.772763
0.250000 0.772032
0.260000 0.771328
0.270000 0.770650
0.280000 0.769997
0.290000 0.769370
0.300000 0.768768
0.310000 0.768191
0.320000 0.767637
0.330000 0.767107
0.340000 0.766600
0.350000 0.766115
0.360000 0.765653
0.370000 0.765213
0.380000 0.764793
0.390000 0.764395
0.400000 0.764018
0.410000 0.763661
0.420000 0.763324
0.430000 0.763006
0.440000 0.762708
0.450000 0.762429
0.460000 0.762168
0.470000 0.761925
0.480000 0.761700
0.490000 0.761493
0.500000 0.761303
0.510000 0.761131
0.520000 0.760975
0.530000 0.760835
0.540000 0.760712
0.550000 0.760604
0.560000 0.760513
0.570000 0.760436
0.580000 0.760375
0.590000 0.760329
0.600000 0.760297
0.610000 0.760279
0.620000 0.760276
0.630000 0.760287
0.640000 0.760311
0.650000 0.760349
0.660000 0.760400
0.670000 0.760464
0.680000 0.760541
0.690000 0.760631
0.700000 0.760733
0.710000 0.760847
0.720000 0.760973
0.730000 0.761111
0.740000 0.761261
0.750000 0.761422
0.760000 0.761595
0.770000 0.761778
0.780000 0.761973
0.790000 0.762178
0.800000 0.762393
0.810000 0.762620
0.820000 0.762856
0.830000 0.763103
0.840000 0.763359
0.850000 0.763625
0.860000 0.763901
0.870000 0.764186
0.880000 0.764481
0.890000 0.764785
0.900000 0.765097
0.910000 0.765419
0.920000 0.765749
0.930000 0.766088
0.940000 0.766436
0.950000 0.766791
0.960000 0.767155
0.970000 0.767527
0.980000 0.767907
0.990000 0.768295
1.000000 0.768690
1.010000 0.769093
1.020000 0.769503
1.030000 0.769921
1.040000 0.770346
1.050000 0.770778
1.060000 0.771217
1.070000 0.771662
1.080000 0.772115
1.090000 0.772574
1.100000 0.773040
1.110000 0.773512
1.120000 0.773990
1.130000 0.774475
1.140000 0.774965
1.150000 0.775462
1.160000 0.775964
1.170000 0.776473
1.180000 0.776986
1.190000 0.777506
1.200000 0.778031
1.210000 0.778562
1.220000 0.779097
1.230000 0.779638
1.240000 0.780184
1.250000 0.780736
1.260000 0.781292
1.270000 0.781853
1.280000 0.782418
1.290000 0.782989
1.300000 0.783564
1.310000 0.784143
1.320000 0.784727
1.330000 0.785315
1.340000 0.785908
1.350000 0.786504
1.360000 0.787105
1.370000 0.787710
1.380000 0.788319
1.390000 0.788931
1.400000 0.789547
1.410000 0.790168
1.420000 0.790791
1.430000 0.791419
1.440000 0.792049
1.450000 0.792683
1.460000 0.793321
1.470000 0.793962
1.480000 0.794606
1.490000 0.795253
1.500000 0.795903
1.510000 0.796556
1.520000 0.797212
1.530000 0.797871
1.540000 0.798533
1.550000 0.799197
1.560000 0.799864
1.570000 0.800534
1.580000 0.801206
1.590000 0.801881
1.600000 0.802558
1.610000 0.803237
1.620000 0.803919
1.630000 0.804603
1.640000 0.805289
1.650000 0.805977
1.660000 0.806667
1.670000 0.807359
1.680000 0.808054
1.690000 0.808749
1.700000 0.809447
1.710000 0.810147
1.720000 0.810848
1.730000 0.811551
1.740000 0.812255
1.750000 0.812961
1.760000 0.813669
1.770000 0.814377
1.780000 0.815088
1.790000 0.815799
1.800000 0.816512
1.810000 0.817226
1.820000 0.817941
1.830000 0.818657
1.840000 0.819375
1.850000 0.820093
1.860000 0.820812
1.870000 0.821533
1.880000 0.822254
1.890000 0.822976
1.900000 0.823698
1.910000 0.824422
1.920000 0.825146
1.930000 0.825870
1.940000 0.826596
1.950000 0.827322
1.960000 0.828048
1.970000 0.828775
1.980000 0.829502
1.990000 0.830229
2.000000 0.830957
2.010000 0.831686
2.020000 0.832414
2.030000 0.833143
2.040000 0.833871
2.050000 0.834600
2.060000 0.835329
2.070000 0.836058
2.080000 0.836787
2.090000 0.837516
2.100000 0.838245
2.110000 0.838974
2.120000 0.839702
2.130000 0.840430
2.140000 0.841159
2.150000 0.841886
2.160000 0.842614
2.170000 0.843341
2.180000 0.844068
2.190000 0.844794
2.200000 0.845520
2.210000 0.846246
2.220000 0.846971
2.230000 0.847695
2.240000 0.848419
2.250000 0.849142
2.260000 0.849865
2.270000 0.850587
2.280000 0.851308
2.290000 0.852028
2.300000 0.852748
2.310000 0.853467
2.320000 0.854185
2.330000 0.854902
2.340000 0.855618
2.350000 0.856333
2.360000 0.857048
2.370000 0.857761
2.380000 0.858473
2.390000 0.859184
2.400000 0.859895
2.410000 0.860604
2.420000 0.861312
2.430000 0.862018
2.440000 0.862724
2.450000 0.863429
2.460000 0.864132
2.470000 0.864834
2.480000 0.865534
2.490000 0.866234
2.500000 0.866932
2.510000 0.867628
2.520000 0.868324
2.530000 0.869017
2.540000 0.869710
2.550000 0.870401
2.560000 0.871090
2.570000 0.871778
2.580000 0.872465
2.590000 0.873150
2.600000 0.873833
2.610000 0.874515
2.620000 0.875195
2.630000 0.875874
2.640000 0.876551
2.650000 0.877226
2.660000 0.877900
2.670000 0.878572
2.680000 0.879242
2.690000 0.879911
2.700000 0.880577
2.710000 0.881242
2.720000 0.881905
2.730000 0.882567
2.740000 0.883226
2.750000 0.883884
2.760000 0.884540
2.770000 0.885194
2.780000 0.885846
2.790000 0.886496
2.800000 0.887144
2.810000 0.887791
2.820000 0.888435
2.830000 0.889077
2.840000 0.889718
2.850000 0.890356
2.860000 0.890993
2.870000 0.891627
2.880000 0.892259
2.890000 0.892890
2.900000 0.893518
2.910000 0.894144
2.920000 0.894768
2.930000 0.895390
2.940000 0.896010
2.950000 0.896628
2.960000 0.897244
2.970000 0.897857
2.980000 0.898468
2.990000 0.899078
3.000000 0.899685
3.010000 0.900290
3.020000 0.900892
3.030000 0.901493
3.040000 0.902091
3.050000 0.902687
3.060000 0.903281
3.070000 0.903872
3.080000 0.904462
3.090000 0.905049
3.100000 0.905634
3.110000 0.906216
3.120000 0.906797
3.130000 0.907375
3.140000 0.907951
3.150000 0.908524
3.160000 0.909095
3.170000 0.909664
3.180000 0.910231
3.190000 0.910795
3.200000 0.911357
3.210000 0.911916
3.220000 0.912474
3.230000 0.913029
3.240000 0.913581
3.250000 0.914132
3.260000 0.914680
3.270000 0.915225
3.280000 0.915768
3.290000 0.916309
3.300000 0.916848
3.310000 0.917384
3.320000 0.917918
3.330000 0.918449
3.340000 0.918978
3.350000 0.919505
3.360000 0.920029
3.370000 0.920551
3.380000 0.921070
3.390000 0.921588
3.400000 0.922102
3.410000 0.922615
3.420000 0.923125
3.430000 0.923632
3.440000 0.924138
3.450000 0.924640
3.460000 0.925141
3.470000 0.925639
3.480000 0.926135
3.490000 0.926628
3.500000 0.927119
3.510000 0.927607
3.520000 0.928093
3.530000 0.928577
3.540000 0.929058
3.550000 0.929537
3.560000 0.930014
3.570000 0.930488
3.580000 0.930960
3.590000 0.931430
3.600000 0.931897
3.610000 0.932361
3.620000 0.932824
3.630000 0.933284
3.640000 0.933741
3.650000 0.934196
3.660000 0.934649
3.670000 0.935100
3.680000 0.935548
3.690000 0.935994
3.700000 0.936437
3.710000 0.936878
3.720000 0.937317
3.730000 0.937754
3.740000 0.938188
3.750000 0.938619
3.760000 0.939049
3.770000 0.939476
3.780000 0.939901
3.790000 0.940323
3.800000 0.940743
3.810000 0.941161
3.820000 0.941577
3.830000 0.941990
3.840000 0.942401
3.850000 0.942810
3.860000 0.943216
3.870000 0.943620
3.880000 0.944022
3.890000 0.944422
3.900000 0.944819
3.910000 0.945214
3.920000 0.945607
3.930000 0.945997
3.940000 0.946386
3.950000 0.946772
3.960000 0.947156
3.970000 0.947537
3.980000 0.947917
3.990000 0.948294
4.000000 0.948669
4.010000 0.949041
4.020000 0.949412
4.030000 0.949780
4.040000 0.950147
4.050000 0.950511
4.060000 0.950873
4.070000 0.951232
4.080000 0.951590
4.090000 0.951945
4.100000 0.952299
4.110000 0.952650
4.120000 0.952999
4.130000 0.953346
4.140000 0.953691
4.150000 0.954033
4.160000 0.954374
4.170000 0.954712
4.180000 0.955049
4.190000 0.955383
4.200000 0.955715
4.210000 0.956046
4.220000 0.956374
4.230000 0.956700
4.240000 0.957024
4.250000 0.957346
4.260000 0.957666
4.270000 0.957984
4.280000 0.958300
4.290000 0.958614
4.300000 0.958926
4.310000 0.959236
4.320000 0.959544
4.330000 0.959850
4.340000 0.960154
4.350000 0.960456
4.360000 0.960756
4.370000 0.961055
4.380000 0.961351
4.390000 0.961645
4.400000 0.961938
4.410000 0.962229
4.420000 0.962517
4.430000 0.962804
4.440000 0.963089
4.450000 0.963372
4.460000 0.963653
4.470000 0.963933
4.480000 0.964210
4.490000 0.964486
4.500000 0.964760
4.510000 0.965032
4.520000 0.965302
4.530000 0.965570
4.540000 0.965837
4.550000 0.966102
4.560000 0.966365
4.570000 0.966626
4.580000 0.966885
4.590000 0.967143
4.600000 0.967399
4.610000 0.967653
4.620000 0.967906
4.630000 0.968157
4.640000 0.968406
4.650000 0.968653
4.660000 0.968899
4.670000 0.969143
4.680000 0.969385
4.690000 0.969626
4.700000 0.969865
4.710000 0.970102
4.720000 0.970338
4.730000 0.970572
4.740000 0.970804
4.750000 0.971035
4.760000 0.971264
4.770000 0.971492
4.780000 0.971718
4.790000 0.971942
4.800000 0.972165
4.810000 0.972386
4.820000 0.972606
4.830000 0.972824
4.840000 0.973041
4.850000 0.973256
4.860000 0.973469
4.870000 0.973681
4.880000 0.973892
4.890000 0.974101
4.900000 0.974308
4.910000 0.974514
4.920000 0.974719
4.930000 0.974922
4.940000 0.975124
4.950000 0.975324
4.960000 0.975523
4.970000 0.975720
4.980000 0.975916
4.990000 0.976110
5.000000 0.976303
5.010000 0.976495
5.020000 0.976685
5.030000 0.976874
5.040000 0.977061
5.050000 0.977247
5.060000 0.977432
5.070000 0.977616
5.080000 0.977798
5.090000 0.977978
5.100000 0.978158
5.110000 0.978336
5.120000 0.978512
5.130000 0.978688
5.140000 0.978862
5.150000 0.979035
5.160000 0.979206
5.170000 0.979376
5.180000 0.979545
5.190000 0.979713
5.200000 0.979880
5.210000 0.980045
5.220000 0.980209
5.230000 0.980372
5.240000 0.980533
5.250000 0.980693
5.260000 0.980853
5.270000 0.981010
5.280000 0.981167
5.290000 0.981323
5.300000 0.981477
5.310000 0.981630
5.320000 0.981782
5.330000 0.981933
5.340000 0.982083
5.350000 0.982232
5.360000 0.982379
5.370000 0.982525
5.380000 0.982671
5.390000 0.982815
5.400000 0.982958
5.410000 0.983100
5.420000 0.983240
5.430000 0.983380
5.440000 0.983519
5.450000 0.983656
5.460000 0.983793
5.470000 0.983928
5.480000 0.984063
5.490000 0.984196
5.500000 0.984329
5.510000 0.984460
5.520000 0.984590
5.530000 0.984720
5.540000 0.984848
5.550000 0.984975
5.560000 0.985102
5.570000 0.985227
5.580000 0.985351
5.590000 0.985475
5.600000 0.985597
5.610000 0.985718
5.620000 0.985839
5.630000 0.985958
5.640000 0.986077
5.650000 0.986195
5.660000 0.986312
5.670000 0.986427
5.680000 0.986542
5.690000 0.986656
5.700000 0.986769
5.710000 0.986882
5.720000 0.986993
5.730000 0.987103
5.740000 0.987213
5.750000 0.987322
5.760000 0.987429
5.770000 0.987536
5.780000 0.987643
5.790000 0.987748
5.800000 0.987852
5.810000 0.987956
5.820000 0.988059
5.830000 0.988161
5.840000 0.988262
5.850000 0.988362
5.860000 0.988462
5.870000 0.988560
5.880000 0.988658
5.890000 0.988755
5.900000 0.988852
5.910000 0.988947
5.920000 0.989042
5.930000 0.989136
5.940000 0.989229
5.950000 0.989322
5.960000 0.989414
5.970000 0.989505
5.980000 0.989595
5.990000 0.989685
6.000000 0.989773
6.010000 0.989862
6.020000 0.989949
6.030000 0.990036
6.040000 0.990122
6.050000 0.990207
6.060000 0.990291
6.070000 0.990375
6.080000 0.990459
6.090000 0.990541
6.100000 0.990623
6.110000 0.990704
6.120000 0.990785
6.130000 0.990865
6.140000 0.990944
6.150000 0.991022
6.160000 0.991100
6.170000 0.991177
6.180000 0.991254
6.190000 0.991330
6.200000 0.991405
6.210000 0.991480
6.220000 0.991554
6.230000 0.991628
6.240000 0.991701
6.250000 0.991773
6.260000 0.991845
6.270000 0.991916
6.280000 0.991986
6.290000 0.992056
6.300000 0.992126
6.310000 0.992195
6.320000 0.992263
6.330000 0.992330
6.340000 0.992397
6.350000 0.992464
6.360000 0.992530
6.370000 0.992595
6.380000 0.992660
6.390000 0.992725
6.400000 0.992788
6.410000 0.992852
6.420000 0.992914
6.430000 0.992977
6.440000 0.993038
6.450000 0.993099
6.460000 0.993160
6.470000 0.993220
6.480000 0.993280
6.490000 0.993339
6.500000 0.993398
6.510000 0.993456
6.520000 0.993513
6.530000 0.993571
6.540000 0.993627
6.550000 0.993683
6.560000 0.993739
6.570000 0.993794
6.580000 0.993849
6.590000 0.993904
6.600000 0.993957
6.610000 0.994011
6.620000 0.994064
6.630000 0.994116
6.640000 0.994168
6.650000 0.994220
6.660000 0.994271
6.670000 0.994322
6.680000 0.994372
6.690000 0.994422
6.700000 0.994472
6.710000 0.994521
6.720000 0.994569
6.730000 0.994618
6.740000 0.994665
6.750000 0.994713
6.760000 0.994760
6.770000 0.994806
6.780000 0.994852
6.790000 0.994898
6.800000 0.994944
6.810000 0.994989
6.820000 0.995033
6.830000 0.995078
6.840000 0.995121
6.850000 0.995165
6.860000 0.995208
6.870000 0.995251
6.880000 0.995293
6.890000 0.995335
6.900000 0.995377
6.910000 0.995418
6.920000 0.995459
6.930000 0.995500
6.940000 0.995540
6.950000 0.995580
6.960000 0.995619
6.970000 0.995659
6.980000 0.995697
6.990000 0.995736
7.000000 0.995774
7.010000 0.995812
7.020000 0.995850
7.030000 0.995887
7.040000 0.995924
7.050000 0.995960
7.060000 0.995996
7.070000 0.996032
7.080000 0.996068
7.090000 0.996103
7.100000 0.996138
7.110000 0.996173
7.120000 0.996207
7.130000 0.996242
7.140000 0.996275
7.150000 0.996309
7.160000 0.996342
7.170000 0.996375
7.180000 0.996408
7.190000 0.996440
7.200000 0.996472
7.210000 0.996504
7.220000 0.996535
7.230000 0.996567
7.240000 0.996598
7.250000 0.996628
7.260000 0.996659
7.270000 0.996689
7.280000 0.996719
7.290000 0.996749
7.300000 0.996778
7.310000 0.996807
7.320000 0.996836
7.330000 0.996865
7.340000 0.996893
7.350000 0.996921
7.360000 0.996949
7.370000 0.996977
7.380000 0.997004
7.390000 0.997031
7.400000 0.997058
7.410000 0.997085
7.420000 0.997111
7.430000 0.997137
7.440000 0.997163
7.450000 0.997189
7.460000 0.997214
7.470000 0.997240
7.480000 0.997265
7.490000 0.997290
7.500000 0.997314
7.510000 0.997339
7.520000 0.997363
7.530000 0.997387
7.540000 0.997411
7.550000 0.997434
7.560000 0.997458
7.570000 0.997481
7.580000 0.997504
7.590000 0.997526
7.600000 0.997549
7.610000 0.997571
7.620000 0.997593
7.630000 0.997615
7.640000 0.997637
7.650000 0.997659
7.660000 0.997680
7.670000 0.997701
7.680000 0.997722
7.690000 0.997743
7.700000 0.997763
7.710000 0.997784
7.720000 0.997804
7.730000 0.997824
7.740000 0.997844
7.750000 0.997864
7.760000 0.997883
7.770000 0.997903
7.780000 0.997922
7.790000 0.997941
7.800000 0.997960
7.810000 0.997978
7.820000 0.997997
7.830000 0.998015
7.840000 0.998033
7.850000 0.998051
7.860000 0.998069
7.870000 0.998087
7.880000 0.998104
7.890000 0.998122
7.900000 0.998139
7.910000 0.998156
7.920000 0.998173
7.930000 0.998190
7.940000 0.998206
7.950000 0.998223
7.960000 0.998239
7.970000 0.998255
7.980000 0.998271
7.990000 0.998287
8.000000 0.998303
8.010000 0.998319
8.020000 0.998334
8.030000 0.998349
8.040000 0.998365
8.050000 0.998380
8.060000 0.998395
8.070000 0.998409
8.080000 0.998424
8.090000 0.998438
8.100000 0.998453
8.110000 0.998467
8.120000 0.998481
8.130000 0.998495
8.140000 0.998509
8.150000 0.998523
8.160000 0.998536
8.170000 0.998550
8.180000 0.998563
8.190000 0.998577
8.200000 0.998590
8.210000 0.998603
8.220000 0.998616
8.230000 0.998628
8.240000 0.998641
8.250000 0.998654
8.260000 0.998666
8.270000 0.998678
8.280000 0.998691
8.290000 0.998703
8.300000 0.998715
8.310000 0.998727
8.320000 0.998738
8.330000 0.998750
8.340000 0.998762
8.350000 0.998773
8.360000 0.998784
8.370000 0.998796
8.380000 0.998807
8.390000 0.998818
8.400000 0.998829
8.410000 0.998840
8.420000 0.998850
8.430000 0.998861
8.440000 0.998872
8.450000 0.998882
8.460000 0.998892
8.470000 0.998903
8.480000 0.998913
8.490000 0.998923
8.500000 0.998933
8.510000 0.998943
8.520000 0.998953
8.530000 0.998962
8.540000 0.998972
8.550000 0.998982
8.560000 0.998991
8.570000 0.999000
8.580000 0.999010
8.590000 0.999019
8.600000 0.999028
8.610000 0.999037
8.620000 0.999046
8.630000 0.999055
8.640000 0.999064
8.650000 0.999072
8.660000 0.999081
8.670000 0.999090
8.680000 0.999098
8.690000 0.999106
8.700000 0.999115
8.710000 0.999123
8.720000 0.999131
8.730000 0.999139
8.740000 0.999147
8.750000 0.999155
8.760000 0.999163
8.770000 0.999171
8.780000 0.999179
8.790000 0.999186
8.800000 0.999194
8.810000 0.999201
8.820000 0.999209
8.830000 0.999216
8.840000 0.999224
8.850000 0.999231
8.860000 0.999238
8.870000 0.999245
8.880000 0.999252
8.890000 0.999259
8.900000 0.999266
8.910000 0.999273
8.920000 0.999280
8.930000 0.999286
8.940000 0.999293
8.950000 0.999300
8.960000 0.999306
8.970000 0.999313
8.980000 0.999319
8.990000 0.999326
9.000000 0.999332
9.010000 0.999338
9.020000 0.999344
9.030000 0.999350
9.040000 0.999357
9.050000 0.999363
9.060000 0.999368
9.070000 0.999374
9.080000 0.999380
9.090000 0.999386
9.100000 0.999392
9.110000 0.999398
9.120000 0.999403
9.130000 0.999409
9.140000 0.999414
9.150000 0.999420
9.160000 0.999425
9.170000 0.999431
9.180000 0.999436
9.190000 0.999441
9.200000 0.999446
9.210000 0.999452
9.220000 0.999457
9.230000 0.999462
9.240000 0.999467
9.250000 0.999472
9.260000 0.999477
9.270000 0.999482
9.280000 0.999487
9.290000 0.999492
9.300000 0.999496
9.310000 0.999501
9.320000 0.999506
9.330000 0.999510
9.340000 0.999515
9.350000 0.999520
9.360000 0.999524
9.370000 0.999529
9.380000 0.999533
9.390000 0.999537
9.400000 0.999542
9.410000 0.999546
9.420000 0.999550
9.430000 0.999555
9.440000 0.999559
9.450000 0.999563
9.460000 0.999567
9.470000 0.999571
9.480000 0.999575
9.490000 0.999579
9.500000 0.999583
9.510000 0.999587
9.520000 0.999591
9.530000 0.999595
9.540000 0.999599
9.550000 0.999602
9.560000 0.999606
9.570000 0.999610
9.580000 0.999613
9.590000 0.999617
9.600000 0.999621
9.610000 0.999624
9.620000 0.999628
9.630000 0.999631
9.640000 0.999635
9.650000 0.999638
9.660000 0.999642
9.670000 0.999645
9.680000 0.999648
9.690000 0.999652
9.700000 0.999655
9.710000 0.999658
9.720000 0.999662
9.730000 0.999665
9.740000 0.999668
9.750000 0.999671
9.760000 0.999674
9.770000 0.999677
9.780000 0.999680
9.790000 0.999683
9.800000 0.999686
9.810000 0.999689
9.820000 0.999692
9.830000 0.999695
9.840000 0.999698
9.850000 0.999701
9.860000 0.999704
9.870000 0.999706
9.880000 0.999709
9.890000 0.999712
9.900000 0.999715
9.910000 0.999717
9.920000 0.999720
9.930000 0.999723
9.940000 0.999725
9.950000 0.999728
9.960000 0.999731
9.970000 0.999733
9.980000 0.999736
9.990000 0.999738
