0.300000 0.300000
0.304496 0.305699
0.308983 0.311393
0.313457 0.317079
0.317918 0.322752
0.322363 0.328408
0.326790 0.334043
0.331196 0.339653
0.335580 0.345235
0.339939 0.350785
0.344272 0.356298
0.348577 0.361772
0.352851 0.367202
0.357094 0.372586
0.361304 0.377919
0.365478 0.383200
0.369615 0.388424
0.373715 0.393589
0.377774 0.398692
0.381793 0.403730
0.385770 0.408701
0.389703 0.413602
0.393592 0.418432
0.397436 0.423188
0.401233 0.427868
0.404983 0.432471
0.408686 0.436994
0.412339 0.441437
0.415944 0.445798
0.419498 0.450076
0.423002 0.454270
0.426456 0.458379
0.429859 0.462403
0.433210 0.466340
0.436510 0.470190
0.439758 0.473954
0.442955 0.477631
0.446100 0.481220
0.449194 0.484722
0.452236 0.488137
0.455227 0.491466
0.458167 0.494708
0.461056 0.497864
0.463894 0.500935
0.466682 0.503921
0.469421 0.506824
0.472110 0.509643
0.474750 0.512380
0.477342 0.515036
0.479886 0.517612
0.482382 0.520108
0.484831 0.522526
0.487235 0.524868
0.489593 0.527133
0.491905 0.529324
0.494174 0.531442
0.496398 0.533488
0.498580 0.535463
0.500720 0.537370
0.502818 0.539208
0.504875 0.540980
0.506891 0.542686
0.508869 0.544329
0.510807 0.545910
0.512708 0.547430
0.514571 0.548890
0.516397 0.550293
0.518188 0.551638
0.519944 0.552929
0.521665 0.554165
0.523352 0.555349
0.525007 0.556482
0.526629 0.557565
0.528219 0.558599
0.529779 0.559587
0.531308 0.560528
0.532808 0.561425
0.534278 0.562279
0.535721 0.563091
0.537136 0.563862
0.538523 0.564593
0.539885 0.565285
0.541221 0.565941
0.542531 0.566560
0.543817 0.567144
0.545079 0.567694
0.546318 0.568212
0.547534 0.568697
0.548727 0.569151
0.549899 0.569576
0.551050 0.569972
0.552180 0.570340
0.553289 0.570681
0.554379 0.570995
0.555450 0.571285
0.556502 0.571550
0.557536 0.571791
0.558552 0.572010
0.559551 0.572207
0.560532 0.572383
0.561497 0.572538
0.562446 0.572673
0.563379 0.572790
0.564297 0.572888
0.565200 0.572968
0.566089 0.573031
0.566963 0.573078
0.567823 0.573110
0.568670 0.573125
0.569504 0.573127
0.570324 0.573114
0.571133 0.573088
0.571929 0.573048
0.572713 0.572996
0.573485 0.572932
0.574246 0.572857
0.574996 0.572770
0.575735 0.572673
0.576464 0.572565
0.577182 0.572448
0.577890 0.572321
0.578588 0.572185
0.579277 0.572041
0.579956 0.571888
0.580627 0.571727
0.581288 0.571559
0.581941 0.571383
0.582585 0.571201
0.583221 0.571012
0.583848 0.570816
0.584468 0.570614
0.585080 0.570407
0.585684 0.570194
0.586281 0.569976
0.586871 0.569752
0.587454 0.569524
0.588030 0.569291
0.588599 0.569054
0.589161 0.568813
0.589717 0.568568
0.590266 0.568320
0.590809 0.568067
0.591347 0.567812
0.591878 0.567553
0.592403 0.567292
0.592923 0.567027
0.593437 0.566760
0.593946 0.566490
0.594449 0.566218
0.594947 0.565944
0.595440 0.565668
0.595928 0.565390
0.596411 0.565110
0.596889 0.564829
0.597362 0.564546
0.597830 0.564261
0.598294 0.563975
0.598754 0.563688
0.599209 0.563400
0.599659 0.563111
0.600106 0.562821
0.600548 0.562530
0.600986 0.562239
0.601420 0.561947
0.601850 0.561654
0.602277 0.561361
0.602699 0.561067
0.603118 0.560773
0.603533 0.560479
0.603944 0.560184
0.604352 0.559890
0.604756 0.559595
0.605156 0.559301
0.605554 0.559006
0.605948 0.558712
0.606338 0.558417
0.606726 0.558123
0.607110 0.557830
0.607491 0.557536
0.607869 0.557243
0.608243 0.556950
0.608615 0.556658
0.608984 0.556366
0.609350 0.556074
0.609713 0.555784
0.610073 0.555493
0.610430 0.555204
0.610785 0.554915
0.611136 0.554627
0.611485 0.554339
0.611832 0.554052
0.612176 0.553766
0.612517 0.553481
0.612855 0.553196
0.613191 0.552913
0.613525 0.552630
0.613856 0.552348
0.614185 0.552067
0.614511 0.551787
0.614835 0.551508
0.615156 0.551229
0.615475 0.550952
0.615792 0.550676
0.616107 0.550401
0.616419 0.550126
0.616729 0.549853
0.617037 0.549581
0.617343 0.549310
0.617647 0.549040
0.617948 0.548771
0.618247 0.548503
0.618545 0.548236
0.618840 0.547970
0.619133 0.547705
0.619424 0.547442
0.619713 0.547179
0.620001 0.546918
0.620286 0.546658
0.620569 0.546399
0.620851 0.546141
0.621130 0.545884
0.621408 0.545629
0.621683 0.545374
0.621957 0.545121
0.622229 0.544869
0.622499 0.544618
0.622768 0.544368
0.623035 0.544119
0.623299 0.543872
0.623563 0.543626
0.623824 0.543381
0.624084 0.543137
0.624342 0.542894
0.624598 0.542653
0.624853 0.542412
0.625106 0.542173
0.625357 0.541935
0.625607 0.541698
0.625855 0.541462
0.626101 0.541228
0.626346 0.540995
0.626589 0.540763
0.626831 0.540532
0.627071 0.540302
0.627310 0.540073
0.627547 0.539846
0.627783 0.539619
0.628017 0.539394
0.628250 0.539170
0.628481 0.538948
0.628710 0.538726
0.628939 0.538505
0.629165 0.538286
0.629391 0.538068
0.629615 0.537851
0.629837 0.537635
0.630058 0.537420
0.630278 0.537207
0.630496 0.536994
0.630713 0.536783
0.630929 0.536572
0.631143 0.536363
0.631356 0.536155
0.631568 0.535948
0.631778 0.535743
0.631987 0.535538
0.632195 0.535334
0.632401 0.535132
0.632606 0.534931
0.632810 0.534730
0.633013 0.534531
0.633214 0.534333
0.633414 0.534136
0.633613 0.533940
0.633810 0.533745
0.634007 0.533551
0.634202 0.533359
0.634396 0.533167
0.634589 0.532976
0.634780 0.532787
0.634971 0.532598
0.635160 0.532411
0.635348 0.532224
0.635535 0.532039
0.635721 0.531854
0.635905 0.531671
0.636089 0.531489
0.636271 0.531307
0.636452 0.531127
0.636632 0.530947
0.636811 0.530769
0.636989 0.530592
0.637166 0.530415
0.637342 0.530240
0.637517 0.530066
0.637690 0.529892
0.637863 0.529720
0.638034 0.529548
0.638205 0.529378
0.638374 0.529208
0.638543 0.529039
0.638710 0.528872
0.638876 0.528705
0.639042 0.528539
0.639206 0.528374
0.639369 0.528210
0.639532 0.528047
0.639693 0.527885
0.639854 0.527724
0.640013 0.527564
0.640171 0.527404
0.640329 0.527246
0.640486 0.527088
0.640641 0.526932
0.640796 0.526776
0.640949 0.526621
0.641102 0.526467
0.641254 0.526314
0.641405 0.526161
0.641555 0.526010
0.641704 0.525859
0.641852 0.525710
0.642000 0.525561
0.642146 0.525413
0.642292 0.525266
0.642436 0.525119
0.642580 0.524974
0.642723 0.524829
0.642865 0.524685
0.643006 0.524542
0.643147 0.524400
0.643286 0.524259
0.643425 0.524118
0.643563 0.523978
0.643700 0.523839
0.643836 0.523701
0.643971 0.523564
0.644106 0.523427
0.644240 0.523291
0.644373 0.523156
0.644505 0.523022
0.644636 0.522888
0.644767 0.522756
0.644897 0.522624
0.645026 0.522492
0.645154 0.522362
0.645281 0.522232
0.645408 0.522103
0.645534 0.521975
0.645659 0.521847
0.645783 0.521721
0.645907 0.521595
0.646030 0.521469
0.646152 0.521345
0.646274 0.521221
0.646394 0.521098
0.646514 0.520975
0.646634 0.520853
0.646752 0.520732
0.646870 0.520612
0.646987 0.520492
0.647104 0.520373
0.647220 0.520255
0.647335 0.520137
0.647449 0.520020
0.647563 0.519904
0.647676 0.519788
0.647788 0.519673
0.647900 0.519559
0.648011 0.519445
0.648121 0.519332
0.648231 0.519220
0.648340 0.519108
0.648448 0.518997
0.648556 0.518887
0.648663 0.518777
0.648769 0.518668
0.648875 0.518560
0.648980 0.518452
0.649085 0.518344
0.649189 0.518238
0.649292 0.518132
0.649395 0.518026
0.649497 0.517922
0.649598 0.517817
0.649699 0.517714
0.649799 0.517611
0.649899 0.517508
0.649998 0.517407
0.650096 0.517305
0.650194 0.517205
0.650292 0.517105
0.650388 0.517005
0.650484 0.516906
0.650580 0.516808
0.650675 0.516710
0.650769 0.516613
0.650863 0.516516
0.650957 0.516420
0.651049 0.516325
0.651141 0.516230
0.651233 0.516135
0.651324 0.516041
0.651415 0.515948
0.651505 0.515855
0.651594 0.515763
0.651683 0.515671
0.651772 0.515580
0.651860 0.515489
0.651947 0.515399
0.652034 0.515310
0.652120 0.515221
0.652206 0.515132
0.652291 0.515044
0.652376 0.514956
0.652460 0.514869
0.652544 0.514783
0.652627 0.514697
0.652710 0.514611
0.652792 0.514526
0.652874 0.514442
0.652956 0.514358
0.653036 0.514274
0.653117 0.514191
0.653197 0.514108
0.653276 0.514026
0.653355 0.513944
0.653433 0.513863
0.653511 0.513783
0.653589 0.513702
0.653666 0.513623
0.653743 0.513543
0.653819 0.513464
0.653895 0.513386
0.653970 0.513308
0.654045 0.513231
0.654119 0.513153
0.654193 0.513077
0.654266 0.513001
0.654340 0.512925
0.654412 0.512850
0.654484 0.512775
0.654556 0.512700
0.654627 0.512626
0.654698 0.512553
0.654769 0.512480
0.654839 0.512407
0.654909 0.512335
0.654978 0.512263
0.655047 0.512192
0.655115 0.512121
0.655183 0.512050
0.655251 0.511980
0.655318 0.511910
0.655385 0.511841
0.655451 0.511772
0.655517 0.511703
0.655583 0.511635
0.655648 0.511567
0.655713 0.511500
0.655777 0.511433
0.655841 0.511366
0.655905 0.511300
0.655969 0.511234
0.656031 0.511169
0.656094 0.511103
0.656156 0.511039
0.656218 0.510974
0.656280 0.510910
0.656341 0.510847
0.656401 0.510784
0.656462 0.510721
0.656522 0.510658
0.656582 0.510596
0.656641 0.510534
0.656700 0.510473
0.656759 0.510412
0.656817 0.510351
0.656875 0.510291
0.656932 0.510231
0.656990 0.510171
0.657047 0.510112
0.657103 0.510053
0.657159 0.509995
0.657215 0.509936
0.657271 0.509878
0.657326 0.509821
0.657381 0.509764
0.657436 0.509707
0.657490 0.509650
0.657544 0.509594
0.657597 0.509538
0.657651 0.509482
0.657704 0.509427
0.657756 0.509372
0.657809 0.509317
0.657861 0.509263
0.657913 0.509209
0.657964 0.509155
0.658015 0.509102
0.658066 0.509049
0.658117 0.508996
0.658167 0.508944
0.658217 0.508892
0.658266 0.508840
0.658316 0.508788
0.658365 0.508737
0.658414 0.508686
0.658462 0.508635
0.658510 0.508585
0.658558 0.508535
0.658606 0.508485
0.658653 0.508436
0.658700 0.508387
0.658747 0.508338
0.658794 0.508289
0.658840 0.508241
0.658886 0.508193
0.658932 0.508145
0.658977 0.508097
0.659022 0.508050
0.659067 0.508003
0.659112 0.507957
0.659156 0.507910
0.659200 0.507864
0.659244 0.507818
0.659288 0.507773
0.659331 0.507727
0.659374 0.507682
0.659417 0.507637
0.659459 0.507593
0.659502 0.507549
0.659544 0.507505
0.659586 0.507461
0.659627 0.507417
0.659669 0.507374
0.659710 0.507331
0.659750 0.507288
0.659791 0.507246
0.659831 0.507203
0.659872 0.507161
0.659911 0.507120
0.659951 0.507078
0.659991 0.507037
0.660030 0.506996
0.660069 0.506955
0.660107 0.506914
0.660146 0.506874
0.660184 0.506834
0.660222 0.506794
0.660260 0.506754
0.660298 0.506715
0.660335 0.506676
0.660372 0.506637
0.660409 0.506598
0.660446 0.506560
0.660482 0.506521
0.660519 0.506483
0.660555 0.506446
0.660591 0.506408
0.660626 0.506371
0.660662 0.506333
0.660697 0.506297
0.660732 0.506260
0.660767 0.506223
0.660801 0.506187
0.660836 0.506151
0.660870 0.506115
0.660904 0.506079
0.660938 0.506044
0.660971 0.506009
0.661005 0.505974
0.661038 0.505939
0.661071 0.505904
0.661104 0.505870
0.661136 0.505835
0.661169 0.505801
0.661201 0.505767
0.661233 0.505734
0.661265 0.505700
0.661297 0.505667
0.661328 0.505634
0.661359 0.505601
0.661391 0.505568
0.661421 0.505536
0.661452 0.505504
0.661483 0.505472
0.661513 0.505440
0.661543 0.505408
0.661573 0.505376
0.661603 0.505345
0.661633 0.505314
0.661663 0.505283
0.661692 0.505252
0.661721 0.505221
0.661750 0.505191
0.661779 0.505161
0.661808 0.505130
0.661836 0.505100
0.661864 0.505071
0.661892 0.505041
0.661920 0.505012
0.661948 0.504982
0.661976 0.504953
0.662003 0.504924
0.662031 0.504896
0.662058 0.504867
0.662085 0.504839
0.662112 0.504811
0.662138 0.504782
0.662165 0.504755
0.662191 0.504727
0.662218 0.504699
0.662244 0.504672
0.662270 0.504645
0.662295 0.504617
0.662321 0.504590
0.662346 0.504564
0.662372 0.504537
0.662397 0.504511
0.662422 0.504484
0.662447 0.504458
0.662472 0.504432
0.662496 0.504406
0.662521 0.504380
0.662545 0.504355
0.662569 0.504329
0.662593 0.504304
0.662617 0.504279
0.662641 0.504254
0.662664 0.504229
0.662688 0.504205
0.662711 0.504180
0.662734 0.504156
0.662757 0.504131
0.662780 0.504107
0.662803 0.504083
0.662825 0.504059
0.662848 0.504036
0.662870 0.504012
0.662893 0.503989
0.662915 0.503966
0.662937 0.503942
0.662958 0.503919
0.662980 0.503897
0.663002 0.503874
0.663023 0.503851
0.663045 0.503829
0.663066 0.503806
0.663087 0.503784
0.663108 0.503762
0.663129 0.503740
0.663149 0.503718
0.663170 0.503697
0.663191 0.503675
0.663211 0.503654
0.663231 0.503632
0.663251 0.503611
0.663271 0.503590
0.663291 0.503569
0.663311 0.503548
0.663331 0.503527
0.663350 0.503507
0.663369 0.503486
0.663389 0.503466
0.663408 0.503446
0.663427 0.503426
0.663446 0.503406
0.663465 0.503386
0.663484 0.503366
0.663502 0.503346
0.663521 0.503327
0.663539 0.503307
0.663558 0.503288
0.663576 0.503269
0.663594 0.503250
0.663612 0.503231
0.663630 0.503212
0.663647 0.503193
0.663665 0.503175
0.663683 0.503156
0.663700 0.503138
0.663718 0.503119
0.663735 0.503101
0.663752 0.503083
0.663769 0.503065
0.663786 0.503047
0.663803 0.503029
0.663820 0.503012
0.663836 0.502994
0.663853 0.502977
0.663869 0.502959
0.663886 0.502942
0.663902 0.502925
0.663918 0.502908
0.663934 0.502891
0.663950 0.502874
0.663966 0.502857
0.663982 0.502840
0.663998 0.502824
0.664013 0.502807
0.664029 0.502791
0.664044 0.502775
0.664060 0.502758
0.664075 0.502742
0.664090 0.502726
0.664105 0.502710
0.664120 0.502695
0.664135 0.502679
0.664150 0.502663
0.664165 0.502648
0.664179 0.502632
0.664194 0.502617
0.664208 0.502602
0.664223 0.502586
0.664237 0.502571
0.664251 0.502556
0.664265 0.502541
0.664279 0.502526
0.664293 0.502512
0.664307 0.502497
0.664321 0.502483
0.664335 0.502468
0.664348 0.502454
0.664362 0.502439
0.664375 0.502425
0.664389 0.502411
0.664402 0.502397
0.664415 0.502383
0.664429 0.502369
0.664442 0.502355
0.664455 0.502341
0.664468 0.502328
0.664480 0.502314
0.664493 0.502301
0.664506 0.502287
0.664519 0.502274
0.664531 0.502260
0.664544 0.502247
0.664556 0.502234
0.664568 0.502221
0.664581 0.502208
0.664593 0.502195
0.664605 0.502182
0.664617 0.502170
0.664629 0.502157
0.664641 0.502144
0.664653 0.502132
0.664665 0.502119
0.664676 0.502107
0.664688 0.502095
0.664700 0.502083
0.664711 0.502070
0.664723 0.502058
0.664734 0.502046
0.664745 0.502034
0.664756 0.502022
0.664768 0.502011
0.664779 0.501999
0.664790 0.501987
0.664801 0.501976
0.664812 0.501964
0.664822 0.501953
0.664833 0.501941
0.664844 0.501930
0.664855 0.501919
0.664865 0.501907
0.664876 0.501896
0.664886 0.501885
0.664897 0.501874
0.664907 0.501863
0.664917 0.501852
0.664928 0.501842
0.664938 0.501831
0.664948 0.501820
0.664958 0.501810
0.664968 0.501799
0.664978 0.501788
0.664988 0.501778
0.664998 0.501768
0.665007 0.501757
0.665017 0.501747
0.665027 0.501737
0.665036 0.501727
0.665046 0.501717
0.665055 0.501707
0.665065 0.501697
0.665074 0.501687
0.665083 0.501677
0.665093 0.501667
0.665102 0.501657
0.665111 0.501648
0.665120 0.501638
0.665129 0.501628
0.665138 0.501619
0.665147 0.501610
0.665156 0.501600
0.665165 0.501591
0.665174 0.501581
0.665182 0.501572
0.665191 0.501563
0.665200 0.501554
0.665208 0.501545
0.665217 0.501536
0.665225 0.501527
0.665234 0.501518
0.665242 0.501509
0.665250 0.501500
0.665259 0.501492
0.665267 0.501483
0.665275 0.501474
0.665283 0.501466
0.665291 0.501457
0.665299 0.501448
0.665307 0.501440
0.665315 0.501432
0.665323 0.501423
0.665331 0.501415
0.665339 0.501407
0.665347 0.501398
0.665354 0.501390
0.665362 0.501382
0.665370 0.501374
0.665377 0.501366
0.665385 0.501358
0.665392 0.501350
0.665400 0.501342
0.665407 0.501334
0.665414 0.501327
0.665422 0.501319
0.665429 0.501311
0.665436 0.501304
0.665443 0.501296
0.665451 0.501288
0.665458 0.501281
0.665465 0.501273
0.665472 0.501266
0.665479 0.501259
0.665486 0.501251
0.665493 0.501244
0.665499 0.501237
0.665506 0.501229
0.665513 0.501222
0.665520 0.501215
0.665527 0.501208
0.665533 0.501201
0.665540 0.501194
0.665546 0.501187
0.665553 0.501180
0.665559 0.501173
0.665566 0.501166
0.665572 0.501159
0.665579 0.501153
0.665585 0.501146
0.665591 0.501139
0.665598 0.501133
0.665604 0.501126
0.665610 0.501119
0.665616 0.501113
0.665623 0.501106
0.665629 0.501100
0.665635 0.501094
0.665641 0.501087
0.665647 0.501081
0.665653 0.501074
0.665659 0.501068
0.665665 0.501062
0.665670 0.501056
0.665676 0.501050
0.665682 0.501043
0.665688 0.501037
0.665693 0.501031
0.665699 0.501025
0.665705 0.501019
0.665710 0.501013
0.665716 0.501007
0.665722 0.501002
0.665727 0.500996
0.665733 0.500990
0.665738 0.500984
0.665743 0.500978
0.665749 0.500973
0.665754 0.500967
0.665760 0.500961
0.665765 0.500956
0.665770 0.500950
0.665775 0.500945
0.665781 0.500939
0.665786 0.500934
0.665791 0.500928
0.665796 0.500923
0.665801 0.500917
0.665806 0.500912
0.665811 0.500907
0.665816 0.500901
0.665821 0.500896
0.665826 0.500891
0.665831 0.500886
0.665836 0.500880
0.665841 0.500875
0.665846 0.500870
0.665850 0.500865
0.665855 0.500860
0.665860 0.500855
0.665865 0.500850
0.665869 0.500845
0.665874 0.500840
0.665879 0.500835
0.665883 0.500830
0.665888 0.500826
0.665892 0.500821
0.665897 0.500816
0.665901 0.500811
0.665906 0.500806
0.665910 0.500802
0.665915 0.500797
0.665919 0.500792
0.665923 0.500788
0.665928 0.500783
0.665932 0.500779
0.665936 0.500774
0.665941 0.500769
0.665945 0.500765
0.665949 0.500761
0.665953 0.500756
0.665958 0.500752
0.665962 0.500747
0.665966 0.500743
0.665970 0.500739
0.665974 0.500734
0.665978 0.500730
0.665982 0.500726
0.665986 0.500721
0.665990 0.500717
0.665994 0.500713
0.665998 0.500709
0.666002 0.500705
0.666006 0.500701
0.666010 0.500697
0.666013 0.500692
0.666017 0.500688
0.666021 0.500684
0.666025 0.500680
0.666029 0.500676
0.666032 0.500673
0.666036 0.500669
0.666040 0.500665
0.666043 0.500661
0.666047 0.500657
0.666051 0.500653
0.666054 0.500649
0.666058 0.500645
0.666061 0.500642
0.666065 0.500638
0.666068 0.500634
0.666072 0.500631
0.666075 0.500627
0.666079 0.500623
0.666082 0.500620
0.666086 0.500616
0.666089 0.500612
0.666092 0.500609
0.666096 0.500605
0.666099 0.500602
0.666102 0.500598
0.666106 0.500595
0.666109 0.500591
0.666112 0.500588
0.666115 0.500584
0.666119 0.500581
0.666122 0.500578
0.666125 0.500574
0.666128 0.500571
0.666131 0.500567
0.666135 0.500564
0.666138 0.500561
0.666141 0.500558
0.666144 0.500554
0.666147 0.500551
0.666150 0.500548
0.666153 0.500545
0.666156 0.500541
0.666159 0.500538
0.666162 0.500535
0.666165 0.500532
0.666168 0.500529
0.666171 0.500526
0.666174 0.500523
0.666176 0.500520
0.666179 0.500517
0.666182 0.500514
0.666185 0.500511
0.666188 0.500508
0.666191 0.500505
0.666193 0.500502
0.666196 0.500499
0.666199 0.500496
0.666202 0.500493
0.666204 0.500490
0.666207 0.500487
