0.000000 10.000000
0.010000 9.512294
0.020000 9.048374
0.030000 8.607080
0.040000 8.187308
0.050000 7.788008
0.060000 7.408182
0.070000 7.046881
0.080000 6.703201
0.090000 6.376282
0.100000 6.065307
0.110000 5.769498
0.120000 5.488117
0.130000 5.220458
0.140000 4.965853
0.150000 4.723666
0.160000 4.493290
0.170000 4.274150
0.180000 4.065697
0.190000 3.867410
0.200000 3.678795
0.210000 3.499378
0.220000 3.328711
0.230000 3.166368
0.240000 3.011942
0.250000 2.865048
0.260000 2.725318
0.270000 2.592403
0.280000 2.465970
0.290000 2.345703
0.300000 2.231302
0.310000 2.122480
0.320000 2.018965
0.330000 1.920499
0.340000 1.826835
0.350000 1.737740
0.360000 1.652989
0.370000 1.572372
0.380000 1.495686
0.390000 1.422741
0.400000 1.353353
0.410000 1.287349
0.420000 1.224564
0.430000 1.164842
0.440000 1.108032
0.450000 1.053992
0.460000 1.002589
0.470000 0.953692
0.480000 0.907180
0.490000 0.862936
0.500000 0.820850
0.510000 0.780817
0.520000 0.742736
0.530000 0.706512
0.540000 0.672055
0.550000 0.639279
0.560000 0.608101
0.570000 0.578443
0.580000 0.550232
0.590000 0.523397
0.600000 0.497871
0.610000 0.473589
0.620000 0.450492
0.630000 0.428521
0.640000 0.407622
0.650000 0.387742
0.660000 0.368832
0.670000 0.350844
0.680000 0.333733
0.690000 0.317456
0.700000 0.301974
0.710000 0.287246
0.720000 0.273237
0.730000 0.259911
0.740000 0.247235
0.750000 0.235178
0.760000 0.223708
0.770000 0.212797
0.780000 0.202419
0.790000 0.192547
0.800000 0.183156
0.810000 0.174224
0.820000 0.165727
0.830000 0.157644
0.840000 0.149956
0.850000 0.142642
0.860000 0.135686
0.870000 0.129068
0.880000 0.122773
0.890000 0.116786
0.900000 0.111090
0.910000 0.105672
0.920000 0.100518
0.930000 0.095616
0.940000 0.090953
0.950000 0.086517
0.960000 0.082297
0.970000 0.078284
0.980000 0.074466
0.990000 0.070834
1.000000 0.067379
1.010000 0.064093
1.020000 0.060967
1.030000 0.057994
1.040000 0.055166
1.050000 0.052475
1.060000 0.049916
1.070000 0.047482
1.080000 0.045166
1.090000 0.042963
1.100000 0.040868
1.110000 0.038875
1.120000 0.036979
1.130000 0.035175
1.140000 0.033460
1.150000 0.031828
1.160000 0.030276
1.170000 0.028799
1.180000 0.027394
1.190000 0.026058
1.200000 0.024788
1.210000 0.023579
1.220000 0.022429
1.230000 0.021335
1.240000 0.020294
1.250000 0.019305
1.260000 0.018363
1.270000 0.017467
1.280000 0.016616
1.290000 0.015805
1.300000 0.015034
1.310000 0.014301
1.320000 0.013604
1.330000 0.012940
1.340000 0.012309
1.350000 0.011709
1.360000 0.011138
1.370000 0.010595
1.380000 0.010078
1.390000 0.009586
1.400000 0.009119
1.410000 0.008674
1.420000 0.008251
1.430000 0.007849
1.440000 0.007466
1.450000 0.007102
1.460000 0.006755
1.470000 0.006426
1.480000 0.006113
1.490000 0.005814
1.500000 0.005531
1.510000 0.005261
1.520000 0.005005
1.530000 0.004760
1.540000 0.004528
1.550000 0.004307
1.560000 0.004097
1.570000 0.003898
1.580000 0.003707
1.590000 0.003527
1.600000 0.003355
1.610000 0.003191
1.620000 0.003035
1.630000 0.002887
1.640000 0.002747
1.650000 0.002613
1.660000 0.002485
1.670000 0.002364
1.680000 0.002249
1.690000 0.002139
1.700000 0.002035
1.710000 0.001935
1.720000 0.001841
1.730000 0.001751
1.740000 0.001666
1.750000 0.001585
1.760000 0.001507
1.770000 0.001434
1.780000 0.001364
1.790000 0.001297
1.800000 0.001234
1.810000 0.001174
1.820000 0.001117
1.830000 0.001062
1.840000 0.001010
1.850000 0.000961
1.860000 0.000914
1.870000 0.000870
1.880000 0.000827
1.890000 0.000787
1.900000 0.000749
1.910000 0.000712
1.920000 0.000677
1.930000 0.000644
1.940000 0.000613
1.950000 0.000583
1.960000 0.000555
1.970000 0.000527
1.980000 0.000502
1.990000 0.000477
2.000000 0.000454
2.010000 0.000432
2.020000 0.000411
2.030000 0.000391
2.040000 0.000372
2.050000 0.000354
2.060000 0.000336
2.070000 0.000320
2.080000 0.000304
2.090000 0.000289
2.100000 0.000275
2.110000 0.000262
2.120000 0.000249
2.130000 0.000237
2.140000 0.000225
2.150000 0.000214
2.160000 0.000204
2.170000 0.000194
2.180000 0.000185
2.190000 0.000176
2.200000 0.000167
2.210000 0.000159
2.220000 0.000151
2.230000 0.000144
2.240000 0.000137
2.250000 0.000130
2.260000 0.000124
2.270000 0.000118
2.280000 0.000112
2.290000 0.000106
2.300000 0.000101
2.310000 0.000096
2.320000 0.000092
2.330000 0.000087
2.340000 0.000083
2.350000 0.000079
2.360000 0.000075
2.370000 0.000071
2.380000 0.000068
2.390000 0.000065
2.400000 0.000061
2.410000 0.000058
2.420000 0.000056
2.430000 0.000053
2.440000 0.000050
2.450000 0.000048
2.460000 0.000046
2.470000 0.000043
2.480000 0.000041
2.490000 0.000039
2.500000 0.000037
2.510000 0.000035
2.520000 0.000034
2.530000 0.000032
2.540000 0.000031
2.550000 0.000029
2.560000 0.000028
2.570000 0.000026
2.580000 0.000025
2.590000 0.000024
2.600000 0.000023
2.610000 0.000022
2.620000 0.000020
2.630000 0.000019
2.640000 0.000019
2.650000 0.000018
2.660000 0.000017
2.670000 0.000016
2.680000 0.000015
2.690000 0.000014
2.700000 0.000014
2.710000 0.000013
2.720000 0.000012
2.730000 0.000012
2.740000 0.000011
2.750000 0.000011
2.760000 0.000010
2.770000 0.000010
2.780000 0.000009
2.790000 0.000009
2.800000 0.000008
2.810000 0.000008
2.820000 0.000008
2.830000 0.000007
2.840000 0.000007
2.850000 0.000006
2.860000 0.000006
2.870000 0.000006
2.880000 0.000006
2.890000 0.000005
2.900000 0.000005
2.910000 0.000005
2.920000 0.000005
2.930000 0.000004
2.940000 0.000004
2.950000 0.000004
2.960000 0.000004
2.970000 0.000004
2.980000 0.000003
2.990000 0.000003
3.000000 0.000003
3.010000 0.000003
3.020000 0.000003
3.030000 0.000003
3.040000 0.000003
3.050000 0.000002
3.060000 0.000002
3.070000 0.000002
3.080000 0.000002
3.090000 0.000002
3.100000 0.000002
3.110000 0.000002
3.120000 0.000002
3.130000 0.000002
3.140000 0.000002
3.150000 0.000001
3.160000 0.000001
3.170000 0.000001
3.180000 0.000001
3.190000 0.000001
3.200000 0.000001
3.210000 0.000001
3.220000 0.000001
3.230000 0.000001
3.240000 0.000001
3.250000 0.000001
3.260000 0.000001
3.270000 0.000001
3.280000 0.000001
3.290000 0.000001
3.300000 0.000001
3.310000 0.000001
3.320000 0.000001
3.330000 0.000001
3.340000 0.000001
3.350000 0.000001
3.360000 0.000001
3.370000 0.000000
3.380000 0.000000
3.390000 0.000000
3.400000 0.000000
3.410000 0.000000
3.420000 0.000000
3.430000 0.000000
3.440000 0.000000
3.450000 0.000000
3.460000 0.000000
3.470000 0.000000
3.480000 0.000000
3.490000 0.000000
3.500000 0.000000
3.510000 0.000000
3.520000 0.000000
3.530000 0.000000
3.540000 0.000000
3.550000 0.000000
3.560000 0.000000
3.570000 0.000000
3.580000 0.000000
3.590000 0.000000
3.600000 0.000000
3.610000 0.000000
3.620000 0.000000
3.630000 0.000000
3.640000 0.000000
3.650000 0.000000
3.660000 0.000000
3.670000 0.000000
3.680000 0.000000
3.690000 0.000000
3.700000 0.000000
3.710000 0.000000
3.720000 0.000000
3.730000 0.000000
3.740000 0.000000
3.750000 0.000000
3.760000 0.000000
3.770000 0.000000
3.780000 0.000000
3.790000 0.000000
3.800000 0.000000
3.810000 0.000000
3.820000 0.000000
3.830000 0.000000
3.840000 0.000000
3.850000 0.000000
3.860000 0.000000
3.870000 0.000000
3.880000 0.000000
3.890000 0.000000
3.900000 0.000000
3.910000 0.000000
3.920000 0.000000
3.930000 0.000000
3.940000 0.000000
3.950000 0.000000
3.960000 0.000000
3.970000 0.000000
3.980000 0.000000
3.990000 0.000000
4.000000 0.000000
4.010000 0.000000
4.020000 0.000000
4.030000 0.000000
4.040000 0.000000
4.050000 0.000000
4.060000 0.000000
4.070000 0.000000
4.080000 0.000000
4.090000 0.000000
4.100000 0.000000
4.110000 0.000000
4.120000 0.000000
4.130000 0.000000
4.140000 0.000000
4.150000 0.000000
4.160000 0.000000
4.170000 0.000000
4.180000 0.000000
4.190000 0.000000
4.200000 0.000000
4.210000 0.000000
4.220000 0.000000
4.230000 0.000000
4.240000 0.000000
4.250000 0.000000
4.260000 0.000000
4.270000 0.000000
4.280000 0.000000
4.290000 0.000000
4.300000 0.000000
4.310000 0.000000
4.320000 0.000000
4.330000 0.000000
4.340000 0.000000
4.350000 0.000000
4.360000 0.000000
4.370000 0.000000
4.380000 0.000000
4.390000 0.000000
4.400000 0.000000
4.410000 0.000000
4.420000 0.000000
4.430000 0.000000
4.440000 0.000000
4.450000 0.000000
4.460000 0.000000
4.470000 0.000000
4.480000 0.000000
4.490000 0.000000
4.500000 0.000000
4.510000 0.000000
4.520000 0.000000
4.530000 0.000000
4.540000 0.000000
4.550000 0.000000
4.560000 0.000000
4.570000 0.000000
4.580000 0.000000
4.590000 0.000000
4.600000 0.000000
4.610000 0.000000
4.620000 0.000000
4.630000 0.000000
4.640000 0.000000
4.650000 0.000000
4.660000 0.000000
4.670000 0.000000
4.680000 0.000000
4.690000 0.000000
4.700000 0.000000
4.710000 0.000000
4.720000 0.000000
4.730000 0.000000
4.740000 0.000000
4.750000 0.000000
4.760000 0.000000
4.770000 0.000000
4.780000 0.000000
4.790000 0.000000
4.800000 0.000000
4.810000 0.000000
4.820000 0.000000
4.830000 0.000000
4.840000 0.000000
4.850000 0.000000
4.860000 0.000000
4.870000 0.000000
4.880000 0.000000
4.890000 0.000000
4.900000 0.000000
4.910000 0.000000
4.920000 0.000000
4.930000 0.000000
4.940000 0.000000
4.950000 0.000000
4.960000 0.000000
4.970000 0.000000
4.980000 0.000000
4.990000 0.000000
