0.950000 0.950000
0.933976 0.925834
0.919074 0.903540
0.905188 0.882920
0.892226 0.863804
0.880104 0.846043
0.868750 0.829508
0.858099 0.814084
0.848095 0.799671
0.838685 0.786180
0.829824 0.773533
0.821469 0.761659
0.813584 0.750495
0.806135 0.739985
0.799090 0.730080
0.792423 0.720732
0.786106 0.711901
0.780119 0.703550
0.774438 0.695645
0.769044 0.688154
0.763920 0.681051
0.759049 0.674308
0.754415 0.667902
0.750006 0.661813
0.745806 0.656020
0.741806 0.650504
0.737993 0.645249
0.734357 0.640240
0.730888 0.635461
0.727577 0.630901
0.724416 0.626545
0.721398 0.622383
0.718514 0.618404
0.715757 0.614598
0.713122 0.610956
0.710603 0.607469
0.708192 0.604130
0.705887 0.600929
0.703680 0.597861
0.701568 0.594919
0.699546 0.592096
0.697609 0.589386
0.695755 0.586785
0.693979 0.584287
0.692277 0.581886
0.690646 0.579579
0.689084 0.577361
0.687586 0.575228
0.686151 0.573176
0.684775 0.571201
0.683456 0.569301
0.682191 0.567471
0.680978 0.565708
0.679816 0.564010
0.678701 0.562374
0.677632 0.560797
0.676606 0.559277
0.675623 0.557811
0.674680 0.556396
0.673776 0.555032
0.672909 0.553715
0.672078 0.552445
0.671281 0.551218
0.670516 0.550033
0.669784 0.548888
0.669081 0.547783
0.668407 0.546715
0.667762 0.545682
0.667143 0.544684
0.666550 0.543719
0.665982 0.542786
0.665437 0.541883
0.664916 0.541010
0.664416 0.540165
0.663938 0.539347
0.663480 0.538555
0.663041 0.537788
0.662621 0.537046
0.662220 0.536327
0.661836 0.535630
0.661468 0.534955
0.661117 0.534301
0.660781 0.533666
0.660460 0.533051
0.660154 0.532455
0.659861 0.531877
0.659582 0.531316
0.659315 0.530771
0.659061 0.530243
0.658818 0.529730
0.658587 0.529232
0.658367 0.528749
0.658158 0.528280
0.657959 0.527823
0.657769 0.527380
0.657589 0.526950
0.657418 0.526531
0.657256 0.526124
0.657103 0.525728
0.656957 0.525344
0.656819 0.524969
0.656689 0.524605
0.656566 0.524251
0.656450 0.523906
0.656341 0.523570
0.656238 0.523243
0.656141 0.522924
0.656050 0.522614
0.655965 0.522311
0.655886 0.522017
0.655812 0.521730
0.655743 0.521449
0.655679 0.521176
0.655620 0.520910
0.655565 0.520650
0.655515 0.520397
0.655469 0.520149
0.655427 0.519908
0.655389 0.519672
0.655355 0.519441
0.655324 0.519216
0.655297 0.518996
0.655273 0.518782
0.655253 0.518572
0.655235 0.518366
0.655221 0.518165
0.655209 0.517969
0.655200 0.517777
0.655194 0.517589
0.655190 0.517405
0.655189 0.517225
0.655190 0.517048
0.655193 0.516876
0.655199 0.516706
0.655206 0.516540
0.655216 0.516378
0.655227 0.516219
0.655240 0.516062
0.655255 0.515909
0.655272 0.515759
0.655290 0.515612
0.655310 0.515467
0.655331 0.515325
0.655354 0.515186
0.655378 0.515049
0.655403 0.514914
0.655430 0.514782
0.655458 0.514653
0.655487 0.514525
0.655516 0.514400
0.655547 0.514277
0.655579 0.514156
0.655612 0.514036
0.655646 0.513919
0.655681 0.513804
0.655716 0.513691
0.655753 0.513579
0.655790 0.513469
0.655827 0.513361
0.655866 0.513254
0.655905 0.513149
0.655944 0.513046
0.655984 0.512944
0.656025 0.512843
0.656066 0.512744
0.656108 0.512647
0.656150 0.512550
0.656192 0.512455
0.656235 0.512362
0.656279 0.512269
0.656322 0.512178
0.656366 0.512088
0.656411 0.511999
0.656455 0.511912
0.656500 0.511825
0.656545 0.511740
0.656590 0.511655
0.656636 0.511572
0.656682 0.511490
0.656727 0.511408
0.656774 0.511328
0.656820 0.511248
0.656866 0.511170
0.656913 0.511092
0.656959 0.511016
0.657006 0.510940
0.657052 0.510865
0.657099 0.510790
0.657146 0.510717
0.657193 0.510644
0.657240 0.510572
0.657287 0.510501
0.657334 0.510431
0.657380 0.510361
0.657427 0.510292
0.657474 0.510224
0.657521 0.510156
0.657568 0.510089
0.657615 0.510023
0.657661 0.509957
0.657708 0.509892
0.657755 0.509828
0.657801 0.509764
0.657848 0.509701
0.657894 0.509638
0.657940 0.509576
0.657987 0.509514
0.658033 0.509454
0.658079 0.509393
0.658124 0.509333
0.658170 0.509274
0.658216 0.509215
0.658261 0.509157
0.658307 0.509099
0.658352 0.509041
0.658397 0.508985
0.658442 0.508928
0.658487 0.508872
0.658532 0.508817
0.658576 0.508762
0.658620 0.508707
0.658665 0.508653
0.658709 0.508599
0.658753 0.508546
0.658796 0.508493
0.658840 0.508441
0.658883 0.508388
0.658926 0.508337
0.658970 0.508285
0.659012 0.508235
0.659055 0.508184
0.659098 0.508134
0.659140 0.508084
0.659182 0.508035
0.659224 0.507986
0.659266 0.507937
0.659308 0.507889
0.659349 0.507841
0.659390 0.507793
0.659431 0.507746
0.659472 0.507699
0.659513 0.507652
0.659553 0.507606
0.659594 0.507560
0.659634 0.507515
0.659674 0.507469
0.659714 0.507424
0.659753 0.507380
0.659793 0.507335
0.659832 0.507291
0.659871 0.507247
0.659909 0.507204
0.659948 0.507161
0.659986 0.507118
0.660025 0.507075
0.660063 0.507033
0.660101 0.506991
0.660138 0.506949
0.660176 0.506907
0.660213 0.506866
0.660250 0.506825
0.660287 0.506785
0.660324 0.506744
0.660360 0.506704
0.660396 0.506664
0.660432 0.506625
0.660468 0.506585
0.660504 0.506546
0.660540 0.506507
0.660575 0.506469
0.660610 0.506430
0.660645 0.506392
0.660680 0.506354
0.660715 0.506317
0.660749 0.506279
0.660783 0.506242
0.660817 0.506205
0.660851 0.506168
0.660885 0.506132
0.660918 0.506096
0.660952 0.506060
0.660985 0.506024
0.661018 0.505988
0.661050 0.505953
0.661083 0.505918
0.661115 0.505883
0.661148 0.505848
0.661180 0.505814
0.661212 0.505780
0.661243 0.505746
0.661275 0.505712
0.661306 0.505678
0.661337 0.505645
0.661368 0.505611
0.661399 0.505578
0.661430 0.505546
0.661460 0.505513
0.661490 0.505481
0.661521 0.505448
0.661551 0.505416
0.661580 0.505384
0.661610 0.505353
0.661639 0.505321
0.661669 0.505290
0.661698 0.505259
0.661727 0.505228
0.661756 0.505198
0.661784 0.505167
0.661813 0.505137
0.661841 0.505107
0.661869 0.505077
0.661897 0.505047
0.661925 0.505017
0.661953 0.504988
0.661980 0.504959
0.662007 0.504929
0.662035 0.504901
0.662062 0.504872
0.662088 0.504843
0.662115 0.504815
0.662142 0.504787
0.662168 0.504759
0.662194 0.504731
0.662221 0.504703
0.662247 0.504676
0.662272 0.504648
0.662298 0.504621
0.662324 0.504594
0.662349 0.504567
0.662374 0.504540
0.662399 0.504514
0.662424 0.504487
0.662449 0.504461
0.662474 0.504435
0.662498 0.504409
0.662522 0.504383
0.662547 0.504357
0.662571 0.504332
0.662595 0.504307
0.662618 0.504281
0.662642 0.504256
0.662666 0.504232
0.662689 0.504207
0.662712 0.504182
0.662735 0.504158
0.662758 0.504133
0.662781 0.504109
0.662804 0.504085
0.662827 0.504061
0.662849 0.504038
0.662871 0.504014
0.662894 0.503990
0.662916 0.503967
0.662938 0.503944
0.662959 0.503921
0.662981 0.503898
0.663003 0.503875
0.663024 0.503853
0.663045 0.503830
0.663067 0.503808
0.663088 0.503785
0.663109 0.503763
0.663129 0.503741
0.663150 0.503719
0.663171 0.503698
0.663191 0.503676
0.663211 0.503655
0.663232 0.503633
0.663252 0.503612
0.663272 0.503591
0.663292 0.503570
0.663311 0.503549
0.663331 0.503528
0.663350 0.503508
0.663370 0.503487
0.663389 0.503467
0.663408 0.503447
0.663427 0.503426
0.663446 0.503406
0.663465 0.503387
0.663484 0.503367
0.663502 0.503347
0.663521 0.503328
0.663539 0.503308
0.663558 0.503289
0.663576 0.503270
0.663594 0.503250
0.663612 0.503231
0.663630 0.503213
0.663648 0.503194
0.663665 0.503175
0.663683 0.503157
0.663700 0.503138
0.663718 0.503120
0.663735 0.503102
0.663752 0.503084
0.663769 0.503066
0.663786 0.503048
0.663803 0.503030
0.663820 0.503012
0.663836 0.502995
0.663853 0.502977
0.663869 0.502960
0.663886 0.502942
0.663902 0.502925
0.663918 0.502908
0.663934 0.502891
0.663950 0.502874
0.663966 0.502857
0.663982 0.502841
0.663998 0.502824
0.664013 0.502808
0.664029 0.502791
0.664044 0.502775
0.664060 0.502759
0.664075 0.502743
0.664090 0.502727
0.664105 0.502711
0.664120 0.502695
0.664135 0.502679
0.664150 0.502664
0.664164 0.502648
0.664179 0.502633
0.664194 0.502617
0.664208 0.502602
0.664223 0.502587
0.664237 0.502572
0.664251 0.502557
0.664265 0.502542
0.664279 0.502527
0.664293 0.502512
0.664307 0.502497
0.664321 0.502483
0.664335 0.502468
0.664348 0.502454
0.664362 0.502440
0.664375 0.502425
0.664389 0.502411
0.664402 0.502397
0.664415 0.502383
0.664428 0.502369
0.664442 0.502355
0.664455 0.502342
0.664467 0.502328
0.664480 0.502314
0.664493 0.502301
0.664506 0.502287
0.664518 0.502274
0.664531 0.502261
0.664544 0.502247
0.664556 0.502234
0.664568 0.502221
0.664581 0.502208
0.664593 0.502195
0.664605 0.502183
0.664617 0.502170
0.664629 0.502157
0.664641 0.502145
0.664653 0.502132
0.664665 0.502120
0.664676 0.502107
0.664688 0.502095
0.664699 0.502083
0.664711 0.502071
0.664722 0.502058
0.664734 0.502046
0.664745 0.502035
0.664756 0.502023
0.664767 0.502011
0.664779 0.501999
0.664790 0.501987
0.664801 0.501976
0.664812 0.501964
0.664822 0.501953
0.664833 0.501941
0.664844 0.501930
0.664855 0.501919
0.664865 0.501908
0.664876 0.501896
0.664886 0.501885
0.664897 0.501874
0.664907 0.501863
0.664917 0.501853
0.664927 0.501842
0.664938 0.501831
0.664948 0.501820
0.664958 0.501810
0.664968 0.501799
0.664978 0.501789
0.664988 0.501778
0.664997 0.501768
0.665007 0.501757
0.665017 0.501747
0.665027 0.501737
0.665036 0.501727
0.665046 0.501717
0.665055 0.501707
0.665065 0.501697
0.665074 0.501687
0.665083 0.501677
0.665093 0.501667
0.665102 0.501657
0.665111 0.501648
0.665120 0.501638
0.665129 0.501629
0.665138 0.501619
0.665147 0.501610
0.665156 0.501600
0.665165 0.501591
0.665173 0.501582
0.665182 0.501572
0.665191 0.501563
0.665199 0.501554
0.665208 0.501545
0.665217 0.501536
0.665225 0.501527
0.665233 0.501518
0.665242 0.501509
0.665250 0.501500
0.665258 0.501492
0.665267 0.501483
0.665275 0.501474
0.665283 0.501466
0.665291 0.501457
0.665299 0.501449
0.665307 0.501440
0.665315 0.501432
0.665323 0.501423
0.665331 0.501415
0.665339 0.501407
0.665346 0.501399
0.665354 0.501390
0.665362 0.501382
0.665369 0.501374
0.665377 0.501366
0.665385 0.501358
0.665392 0.501350
0.665400 0.501342
0.665407 0.501335
0.665414 0.501327
0.665422 0.501319
0.665429 0.501311
0.665436 0.501304
0.665443 0.501296
0.665450 0.501288
0.665458 0.501281
0.665465 0.501273
0.665472 0.501266
0.665479 0.501259
0.665486 0.501251
0.665493 0.501244
0.665499 0.501237
0.665506 0.501229
0.665513 0.501222
0.665520 0.501215
0.665526 0.501208
0.665533 0.501201
0.665540 0.501194
0.665546 0.501187
0.665553 0.501180
0.665559 0.501173
0.665566 0.501166
0.665572 0.501160
0.665579 0.501153
0.665585 0.501146
0.665591 0.501139
0.665598 0.501133
0.665604 0.501126
0.665610 0.501120
0.665616 0.501113
0.665622 0.501106
0.665629 0.501100
0.665635 0.501094
0.665641 0.501087
0.665647 0.501081
0.665653 0.501075
0.665659 0.501068
0.665664 0.501062
0.665670 0.501056
0.665676 0.501050
0.665682 0.501044
0.665688 0.501037
0.665693 0.501031
0.665699 0.501025
0.665705 0.501019
0.665710 0.501013
0.665716 0.501007
0.665721 0.501002
0.665727 0.500996
0.665733 0.500990
0.665738 0.500984
0.665743 0.500978
0.665749 0.500973
0.665754 0.500967
0.665759 0.500961
0.665765 0.500956
0.665770 0.500950
0.665775 0.500945
0.665781 0.500939
0.665786 0.500934
0.665791 0.500928
0.665796 0.500923
0.665801 0.500917
0.665806 0.500912
0.665811 0.500907
0.665816 0.500901
0.665821 0.500896
0.665826 0.500891
0.665831 0.500886
0.665836 0.500881
0.665841 0.500875
0.665846 0.500870
0.665850 0.500865
0.665855 0.500860
0.665860 0.500855
0.665865 0.500850
0.665869 0.500845
0.665874 0.500840
0.665879 0.500835
0.665883 0.500830
0.665888 0.500826
0.665892 0.500821
0.665897 0.500816
0.665901 0.500811
0.665906 0.500806
0.665910 0.500802
0.665915 0.500797
0.665919 0.500792
0.665923 0.500788
0.665928 0.500783
0.665932 0.500779
0.665936 0.500774
0.665941 0.500770
0.665945 0.500765
0.665949 0.500761
0.665953 0.500756
0.665957 0.500752
0.665962 0.500747
0.665966 0.500743
0.665970 0.500739
0.665974 0.500734
0.665978 0.500730
0.665982 0.500726
0.665986 0.500722
0.665990 0.500717
0.665994 0.500713
0.665998 0.500709
0.666002 0.500705
0.666006 0.500701
0.666009 0.500697
0.666013 0.500693
0.666017 0.500688
0.666021 0.500684
0.666025 0.500680
0.666028 0.500677
0.666032 0.500673
0.666036 0.500669
0.666040 0.500665
0.666043 0.500661
0.666047 0.500657
0.666051 0.500653
0.666054 0.500649
0.666058 0.500646
0.666061 0.500642
0.666065 0.500638
0.666068 0.500634
0.666072 0.500631
0.666075 0.500627
0.666079 0.500623
0.666082 0.500620
0.666086 0.500616
0.666089 0.500612
0.666092 0.500609
0.666096 0.500605
0.666099 0.500602
0.666102 0.500598
0.666106 0.500595
0.666109 0.500591
0.666112 0.500588
0.666115 0.500584
0.666119 0.500581
0.666122 0.500578
0.666125 0.500574
0.666128 0.500571
0.666131 0.500567
0.666134 0.500564
0.666138 0.500561
0.666141 0.500558
0.666144 0.500554
0.666147 0.500551
0.666150 0.500548
0.666153 0.500545
0.666156 0.500542
0.666159 0.500538
0.666162 0.500535
0.666165 0.500532
0.666168 0.500529
0.666171 0.500526
0.666174 0.500523
0.666176 0.500520
0.666179 0.500517
0.666182 0.500514
0.666185 0.500511
0.666188 0.500508
0.666191 0.500505
0.666193 0.500502
0.666196 0.500499
0.666199 0.500496
0.666202 0.500493
0.666204 0.500490
0.666207 0.500487
0.666210 0.500484
0.666212 0.500482
0.666215 0.500479
0.666218 0.500476
0.666220 0.500473
0.666223 0.500470
0.666225 0.500468
0.666228 0.500465
0.666231 0.500462
0.666233 0.500460
0.666236 0.500457
0.666238 0.500454
0.666241 0.500452
0.666243 0.500449
0.666246 0.500446
0.666248 0.500444
0.666251 0.500441
0.666253 0.500439
0.666255 0.500436
0.666258 0.500433
0.666260 0.500431
0.666263 0.500428
0.666265 0.500426
0.666267 0.500423
0.666270 0.500421
0.666272 0.500418
0.666274 0.500416
0.666277 0.500414
0.666279 0.500411
0.666281 0.500409
0.666283 0.500406
0.666286 0.500404
0.666288 0.500402
0.666290 0.500399
0.666292 0.500397
0.666294 0.500395
0.666297 0.500392
0.666299 0.500390
0.666301 0.500388
0.666303 0.500386
0.666305 0.500383
0.666307 0.500381
0.666309 0.500379
0.666311 0.500377
0.666314 0.500374
0.666316 0.500372
0.666318 0.500370
0.666320 0.500368
0.666322 0.500366
0.666324 0.500364
0.666326 0.500361
0.666328 0.500359
0.666330 0.500357
0.666332 0.500355
0.666334 0.500353
0.666336 0.500351
0.666338 0.500349
0.666339 0.500347
0.666341 0.500345
0.666343 0.500343
0.666345 0.500341
0.666347 0.500339
0.666349 0.500337
0.666351 0.500335
0.666353 0.500333
0.666354 0.500331
0.666356 0.500329
0.666358 0.500327
0.666360 0.500325
0.666362 0.500323
0.666363 0.500322
0.666365 0.500320
0.666367 0.500318
0.666369 0.500316
0.666370 0.500314
0.666372 0.500312
0.666374 0.500310
0.666376 0.500309
0.666377 0.500307
0.666379 0.500305
0.666381 0.500303
0.666382 0.500301
0.666384 0.500300
0.666386 0.500298
0.666387 0.500296
0.666389 0.500294
0.666391 0.500293
0.666392 0.500291
0.666394 0.500289
0.666395 0.500288
0.666397 0.500286
0.666399 0.500284
0.666400 0.500283
0.666402 0.500281
0.666403 0.500279
0.666405 0.500278
0.666406 0.500276
0.666408 0.500274
0.666409 0.500273
0.666411 0.500271
0.666412 0.500270
0.666414 0.500268
0.666415 0.500267
0.666417 0.500265
0.666418 0.500263
0.666420 0.500262
0.666421 0.500260
0.666423 0.500259
0.666424 0.500257
0.666425 0.500256
0.666427 0.500254
0.666428 0.500253
0.666430 0.500251
0.666431 0.500250
0.666432 0.500248
0.666434 0.500247
0.666435 0.500246
0.666436 0.500244
0.666438 0.500243
0.666439 0.500241
0.666440 0.500240
0.666442 0.500238
0.666443 0.500237
0.666444 0.500236
0.666446 0.500234
0.666447 0.500233
0.666448 0.500232
0.666450 0.500230
0.666451 0.500229
0.666452 0.500228
0.666453 0.500226
0.666455 0.500225
0.666456 0.500224
0.666457 0.500222
0.666458 0.500221
0.666459 0.500220
0.666461 0.500218
0.666462 0.500217
0.666463 0.500216
0.666464 0.500215
0.666465 0.500213
0.666467 0.500212
0.666468 0.500211
0.666469 0.500210
0.666470 0.500208
0.666471 0.500207
0.666472 0.500206
0.666474 0.500205
0.666475 0.500204
0.666476 0.500202
0.666477 0.500201
0.666478 0.500200
0.666479 0.500199
0.666480 0.500198
0.666481 0.500197
0.666482 0.500195
0.666483 0.500194
0.666485 0.500193
0.666486 0.500192
0.666487 0.500191
0.666488 0.500190
0.666489 0.500189
0.666490 0.500188
0.666491 0.500186
0.666492 0.500185
0.666493 0.500184
0.666494 0.500183
0.666495 0.500182
0.666496 0.500181
0.666497 0.500180
0.666498 0.500179
0.666499 0.500178
0.666500 0.500177
0.666501 0.500176
0.666502 0.500175
0.666503 0.500174
0.666504 0.500173
0.666505 0.500172
0.666506 0.500171
0.666507 0.500170
0.666507 0.500169
0.666508 0.500168
0.666509 0.500167
0.666510 0.500166
0.666511 0.500165
0.666512 0.500164
0.666513 0.500163
0.666514 0.500162
0.666515 0.500161
0.666516 0.500160
0.666517 0.500159
0.666517 0.500158
0.666518 0.500157
0.666519 0.500156
0.666520 0.500156
0.666521 0.500155
0.666522 0.500154
0.666523 0.500153
0.666523 0.500152
0.666524 0.500151
0.666525 0.500150
0.666526 0.500149
0.666527 0.500148
0.666528 0.500148
0.666528 0.500147
0.666529 0.500146
0.666530 0.500145
0.666531 0.500144
0.666532 0.500143
0.666532 0.500142
0.666533 0.500142
0.666534 0.500141
0.666535 0.500140
0.666535 0.500139
0.666536 0.500138
0.666537 0.500138
0.666538 0.500137
0.666539 0.500136
0.666539 0.500135
0.666540 0.500134
0.666541 0.500134
0.666541 0.500133
0.666542 0.500132
0.666543 0.500131
0.666544 0.500130
0.666544 0.500130
0.666545 0.500129
0.666546 0.500128
0.666547 0.500127
0.666547 0.500127
0.666548 0.500126
0.666549 0.500125
0.666549 0.500124
0.666550 0.500124
0.666551 0.500123
0.666551 0.500122
0.666552 0.500122
0.666553 0.500121
0.666553 0.500120
0.666554 0.500119
0.666555 0.500119
0.666555 0.500118
0.666556 0.500117
0.666557 0.500117
0.666557 0.500116
0.666558 0.500115
0.666559 0.500115
0.666559 0.500114
0.666560 0.500113
0.666560 0.500113
0.666561 0.500112
0.666562 0.500111
0.666562 0.500111
0.666563 0.500110
0.666563 0.500109
0.666564 0.500109
0.666565 0.500108
0.666565 0.500108
0.666566 0.500107
0.666566 0.500106
0.666567 0.500106
0.666568 0.500105
0.666568 0.500104
0.666569 0.500104
0.666569 0.500103
0.666570 0.500103
0.666570 0.500102
0.666571 0.500101
0.666572 0.500101
0.666572 0.500100
0.666573 0.500100
0.666573 0.500099
0.666574 0.500098
0.666574 0.500098
0.666575 0.500097
0.666575 0.500097
0.666576 0.500096
0.666576 0.500096
0.666577 0.500095
0.666578 0.500095
0.666578 0.500094
0.666579 0.500093
0.666579 0.500093
0.666580 0.500092
0.666580 0.500092
0.666581 0.500091
0.666581 0.500091
0.666582 0.500090
0.666582 0.500090
