0.950000 0.200000
0.947655 0.200705
0.945368 0.201422
0.943136 0.202148
0.940959 0.202885
0.938833 0.203632
0.936756 0.204388
0.934728 0.205153
0.932746 0.205927
0.930808 0.206710
0.928913 0.207501
0.927060 0.208300
0.925246 0.209108
0.923470 0.209922
0.921732 0.210744
0.920028 0.211574
0.918360 0.212410
0.916724 0.213253
0.915120 0.214102
0.913547 0.214958
0.912003 0.215820
0.910488 0.216688
0.909001 0.217561
0.907541 0.218440
0.906106 0.219324
0.904696 0.220214
0.903310 0.221108
0.901947 0.222008
0.900606 0.222911
0.899287 0.223820
0.897989 0.224733
0.896711 0.225650
0.895452 0.226571
0.894213 0.227496
0.892991 0.228424
0.891787 0.229356
0.890599 0.230292
0.889428 0.231231
0.888273 0.232173
0.887134 0.233118
0.886009 0.234067
0.884898 0.235018
0.883801 0.235971
0.882717 0.236928
0.881647 0.237886
0.880589 0.238847
0.879543 0.239811
0.878509 0.240776
0.877486 0.241743
0.876474 0.242713
0.875472 0.243684
0.874481 0.244657
0.873500 0.245631
0.872529 0.246607
0.871566 0.247584
0.870613 0.248562
0.869669 0.249542
0.868733 0.250523
0.867806 0.251505
0.866886 0.252487
0.865974 0.253471
0.865070 0.254455
0.864173 0.255440
0.863283 0.256426
0.862399 0.257412
0.861523 0.258398
0.860653 0.259385
0.859789 0.260372
0.858931 0.261360
0.858079 0.262347
0.857233 0.263334
0.856393 0.264322
0.855558 0.265309
0.854728 0.266296
0.853903 0.267283
0.853084 0.268270
0.852269 0.269256
0.851459 0.270241
0.850654 0.271227
0.849853 0.272211
0.849056 0.273195
0.848264 0.274178
0.847476 0.275161
0.846692 0.276143
0.845912 0.277124
0.845136 0.278103
0.844363 0.279082
0.843595 0.280060
0.842829 0.281037
0.842068 0.282013
0.841310 0.282987
0.840555 0.283960
0.839804 0.284932
0.839056 0.285903
0.838311 0.286872
0.837569 0.287840
0.836830 0.288806
0.836094 0.289770
0.835362 0.290733
0.834632 0.291695
0.833904 0.292655
0.833180 0.293613
0.832459 0.294569
0.831740 0.295524
0.831024 0.296476
0.830310 0.297427
0.829599 0.298376
0.828891 0.299323
0.828185 0.300268
0.827481 0.301211
0.826780 0.302152
0.826082 0.303091
0.825385 0.304027
0.824691 0.304962
0.824000 0.305894
0.823311 0.306824
0.822624 0.307752
0.821939 0.308678
0.821256 0.309601
0.820576 0.310522
0.819898 0.311440
0.819222 0.312356
0.818548 0.313270
0.817877 0.314181
0.817207 0.315090
0.816540 0.315996
0.815874 0.316900
0.815211 0.317801
0.814550 0.318700
0.813891 0.319596
0.813233 0.320489
0.812578 0.321380
0.811925 0.322268
0.811274 0.323153
0.810625 0.324036
0.809978 0.324916
0.809333 0.325793
0.808690 0.326668
0.808049 0.327539
0.807409 0.328408
0.806772 0.329274
0.806137 0.330137
0.805504 0.330998
0.804872 0.331855
0.804243 0.332710
0.803615 0.333562
0.802990 0.334411
0.802366 0.335256
0.801744 0.336099
0.801124 0.336939
0.800506 0.337776
0.799890 0.338611
0.799276 0.339442
0.798664 0.340270
0.798054 0.341095
0.797445 0.341917
0.796839 0.342736
0.796234 0.343552
0.795632 0.344365
0.795031 0.345175
0.794432 0.345982
0.793835 0.346786
0.793240 0.347587
0.792647 0.348384
0.792056 0.349179
0.791466 0.349970
0.790879 0.350759
0.790294 0.351544
0.789710 0.352326
0.789128 0.353105
0.788548 0.353881
0.787971 0.354654
0.787395 0.355424
0.786820 0.356190
0.786248 0.356954
0.785678 0.357714
0.785110 0.358471
0.784543 0.359225
0.783979 0.359976
0.783416 0.360724
0.782855 0.361469
0.782296 0.362210
0.781740 0.362948
0.781185 0.363683
0.780632 0.364416
0.780080 0.365144
0.779531 0.365870
0.778984 0.366593
0.778438 0.367312
0.777895 0.368028
0.777353 0.368742
0.776814 0.369452
0.776276 0.370158
0.775740 0.370862
0.775206 0.371563
0.774674 0.372260
0.774144 0.372955
0.773616 0.373646
0.773090 0.374334
0.772566 0.375019
0.772044 0.375701
0.771523 0.376379
0.771005 0.377055
0.770488 0.377727
0.769973 0.378397
0.769461 0.379063
0.768950 0.379726
0.768441 0.380386
0.767934 0.381043
0.767429 0.381697
0.766926 0.382348
0.766425 0.382996
0.765926 0.383641
0.765428 0.384282
0.764933 0.384921
0.764439 0.385557
0.763948 0.386189
0.763458 0.386819
0.762970 0.387445
0.762484 0.388069
0.762001 0.388689
0.761519 0.389307
0.761038 0.389921
0.760560 0.390533
0.760084 0.391141
0.759610 0.391747
0.759137 0.392349
0.758667 0.392949
0.758198 0.393545
0.757731 0.394139
0.757266 0.394730
0.756804 0.395317
0.756342 0.395902
0.755883 0.396484
0.755426 0.397063
0.754971 0.397639
0.754517 0.398213
0.754066 0.398783
0.753616 0.399351
0.753168 0.399915
0.752722 0.400477
0.752278 0.401036
0.751836 0.401592
0.751396 0.402145
0.750957 0.402696
0.750520 0.403244
0.750086 0.403788
0.749653 0.404330
0.749222 0.404870
0.748793 0.405406
0.748365 0.405940
0.747940 0.406471
0.747516 0.406999
0.747094 0.407525
0.746675 0.408048
0.746256 0.408568
0.745840 0.409085
0.745426 0.409600
0.745013 0.410112
0.744602 0.410621
0.744193 0.411128
0.743786 0.411632
0.743381 0.412133
0.742977 0.412632
0.742575 0.413128
0.742175 0.413621
0.741777 0.414112
0.741381 0.414600
0.740986 0.415086
0.740594 0.415569
0.740203 0.416050
0.739813 0.416528
0.739426 0.417003
0.739040 0.417476
0.738656 0.417946
0.738274 0.418414
0.737893 0.418880
0.737515 0.419342
0.737138 0.419803
0.736763 0.420261
0.736389 0.420716
0.736017 0.421169
0.735647 0.421620
0.735279 0.422068
0.734912 0.422514
0.734548 0.422957
0.734184 0.423398
0.733823 0.423836
0.733463 0.424273
0.733105 0.424706
0.732749 0.425138
0.732394 0.425567
0.732041 0.425994
0.731690 0.426418
0.731340 0.426840
0.730992 0.427260
0.730646 0.427677
0.730301 0.428093
0.729958 0.428506
0.729616 0.428916
0.729277 0.429325
0.728938 0.429731
0.728602 0.430135
0.728267 0.430537
0.727934 0.430936
0.727602 0.431333
0.727272 0.431729
0.726944 0.432122
0.726617 0.432512
0.726291 0.432901
0.725968 0.433287
0.725646 0.433672
0.725325 0.434054
0.725006 0.434434
0.724689 0.434812
0.724373 0.435188
0.724059 0.435562
0.723746 0.435933
0.723435 0.436303
0.723125 0.436671
0.722817 0.437036
0.722510 0.437400
0.722205 0.437761
0.721902 0.438120
0.721600 0.438478
0.721299 0.438833
0.721000 0.439187
0.720702 0.439538
0.720406 0.439888
0.720112 0.440235
0.719819 0.440581
0.719527 0.440925
0.719237 0.441266
0.718948 0.441606
0.718661 0.441944
0.718375 0.442280
0.718091 0.442614
0.717808 0.442946
0.717526 0.443277
0.717246 0.443605
0.716968 0.443932
0.716690 0.444257
0.716415 0.444580
0.716140 0.444901
0.715867 0.445220
0.715595 0.445538
0.715325 0.445853
0.715056 0.446167
0.714789 0.446479
0.714523 0.446790
0.714258 0.447098
0.713995 0.447405
0.713733 0.447710
0.713472 0.448014
0.713213 0.448315
0.712955 0.448615
0.712698 0.448914
0.712443 0.449210
0.712189 0.449505
0.711936 0.449798
0.711684 0.450090
0.711434 0.450380
0.711186 0.450668
0.710938 0.450955
0.710692 0.451239
0.710447 0.451523
0.710203 0.451804
0.709961 0.452085
0.709720 0.452363
0.709480 0.452640
0.709241 0.452915
0.709004 0.453189
0.708768 0.453461
0.708533 0.453732
0.708299 0.454001
0.708067 0.454268
0.707836 0.454534
0.707606 0.454799
0.707377 0.455062
0.707149 0.455323
0.706923 0.455583
0.706698 0.455842
0.706474 0.456099
0.706251 0.456354
0.706029 0.456608
0.705809 0.456861
0.705590 0.457112
0.705372 0.457362
0.705155 0.457610
0.704939 0.457857
0.704724 0.458102
0.704511 0.458346
0.704298 0.458589
0.704087 0.458830
0.703877 0.459070
0.703668 0.459308
0.703460 0.459545
0.703253 0.459781
0.703048 0.460016
0.702843 0.460248
0.702640 0.460480
0.702437 0.460710
0.702236 0.460939
0.702036 0.461167
0.701837 0.461393
0.701639 0.461618
0.701442 0.461842
0.701246 0.462065
0.701051 0.462286
0.700857 0.462506
0.700664 0.462724
0.700472 0.462942
0.700282 0.463158
0.700092 0.463373
0.699903 0.463586
0.699716 0.463799
0.699529 0.464010
0.699343 0.464220
0.699159 0.464428
0.698975 0.464636
0.698793 0.464842
0.698611 0.465047
0.698430 0.465251
0.698251 0.465454
0.698072 0.465656
0.697894 0.465856
0.697718 0.466055
0.697542 0.466253
0.697367 0.466450
0.697193 0.466646
0.697020 0.466841
0.696848 0.467034
0.696677 0.467227
0.696507 0.467418
0.696338 0.467608
0.696170 0.467797
0.696002 0.467985
0.695836 0.468172
0.695670 0.468358
0.695506 0.468543
0.695342 0.468726
0.695179 0.468909
0.695017 0.469090
0.694856 0.469271
0.694696 0.469450
0.694537 0.469629
0.694378 0.469806
0.694221 0.469982
0.694064 0.470158
0.693908 0.470332
0.693753 0.470505
0.693599 0.470678
0.693446 0.470849
0.693294 0.471019
0.693142 0.471188
0.692992 0.471357
0.692842 0.471524
0.692693 0.471690
0.692544 0.471856
0.692397 0.472020
0.692250 0.472184
0.692105 0.472346
0.691960 0.472508
0.691815 0.472668
0.691672 0.472828
0.691529 0.472987
0.691388 0.473144
0.691247 0.473301
0.691106 0.473457
0.690967 0.473612
0.690828 0.473767
0.690690 0.473920
0.690553 0.474072
0.690417 0.474224
0.690281 0.474374
0.690146 0.474524
0.690012 0.474673
0.689879 0.474821
0.689746 0.474968
0.689614 0.475114
0.689483 0.475260
0.689353 0.475404
0.689223 0.475548
0.689094 0.475691
0.688966 0.475833
0.688838 0.475974
0.688711 0.476115
0.688585 0.476254
0.688460 0.476393
0.688335 0.476531
0.688211 0.476668
0.688088 0.476805
0.687965 0.476940
0.687843 0.477075
0.687722 0.477209
0.687601 0.477342
0.687482 0.477475
0.687362 0.477606
0.687244 0.477737
0.687126 0.477867
0.687009 0.477997
0.686892 0.478125
0.686776 0.478253
0.686661 0.478380
0.686546 0.478507
0.686432 0.478632
0.686319 0.478757
0.686206 0.478882
0.686094 0.479005
0.685982 0.479128
0.685872 0.479250
0.685761 0.479371
0.685652 0.479492
0.685543 0.479612
0.685434 0.479731
0.685327 0.479849
0.685220 0.479967
0.685113 0.480084
0.685007 0.480201
0.684902 0.480316
0.684797 0.480431
0.684693 0.480546
0.684589 0.480660
0.684486 0.480773
0.684384 0.480885
0.684282 0.480997
0.684181 0.481108
0.684080 0.481218
0.683980 0.481328
0.683880 0.481437
0.683781 0.481546
0.683683 0.481654
0.683585 0.481761
0.683488 0.481868
0.683391 0.481974
0.683295 0.482079
0.683199 0.482184
0.683104 0.482288
0.683009 0.482392
0.682915 0.482495
0.682822 0.482597
0.682729 0.482699
0.682636 0.482800
0.682544 0.482900
0.682453 0.483000
0.682362 0.483100
0.682272 0.483199
0.682182 0.483297
0.682092 0.483395
0.682003 0.483492
0.681915 0.483588
0.681827 0.483684
0.681740 0.483780
0.681653 0.483874
0.681567 0.483969
0.681481 0.484062
0.681395 0.484156
0.681310 0.484248
0.681226 0.484340
0.681142 0.484432
0.681059 0.484523
0.680976 0.484613
0.680893 0.484703
0.680811 0.484793
0.680729 0.484882
0.680648 0.484970
0.680568 0.485058
0.680487 0.485145
0.680408 0.485232
0.680328 0.485319
0.680249 0.485404
0.680171 0.485490
0.680093 0.485575
0.680016 0.485659
0.679939 0.485743
0.679862 0.485826
0.679786 0.485909
0.679710 0.485992
0.679635 0.486073
0.679560 0.486155
0.679485 0.486236
0.679411 0.486316
0.679338 0.486396
0.679264 0.486476
0.679192 0.486555
0.679119 0.486634
0.679047 0.486712
0.678976 0.486789
0.678905 0.486867
0.678834 0.486943
0.678764 0.487020
0.678694 0.487096
0.678624 0.487171
0.678555 0.487246
0.678486 0.487321
0.678418 0.487395
0.678350 0.487469
0.678283 0.487542
0.678215 0.487615
0.678149 0.487687
0.678082 0.487759
0.678016 0.487831
0.677951 0.487902
0.677885 0.487973
0.677820 0.488043
0.677756 0.488113
0.677692 0.488182
0.677628 0.488251
0.677564 0.488320
0.677501 0.488388
0.677439 0.488456
0.677376 0.488524
0.677314 0.488591
0.677253 0.488658
0.677191 0.488724
0.677131 0.488790
0.677070 0.488855
0.677010 0.488921
0.676950 0.488985
0.676890 0.489050
0.676831 0.489114
0.676772 0.489177
0.676714 0.489241
0.676656 0.489304
0.676598 0.489366
0.676540 0.489428
0.676483 0.489490
0.676426 0.489552
0.676370 0.489613
0.676313 0.489673
0.676258 0.489734
0.676202 0.489794
0.676147 0.489853
0.676092 0.489913
0.676037 0.489972
0.675983 0.490030
0.675929 0.490089
0.675875 0.490147
0.675822 0.490204
0.675769 0.490262
0.675716 0.490318
0.675664 0.490375
0.675611 0.490431
0.675560 0.490487
0.675508 0.490543
0.675457 0.490598
0.675406 0.490653
0.675355 0.490708
0.675305 0.490762
0.675255 0.490816
0.675205 0.490870
0.675155 0.490923
0.675106 0.490976
0.675057 0.491029
0.675009 0.491081
0.674960 0.491134
0.674912 0.491185
0.674864 0.491237
0.674817 0.491288
0.674769 0.491339
0.674722 0.491390
0.674676 0.491440
0.674629 0.491490
0.674583 0.491540
0.674537 0.491589
0.674491 0.491639
0.674446 0.491687
0.674401 0.491736
0.674356 0.491784
0.674311 0.491832
0.674267 0.491880
0.674223 0.491928
0.674179 0.491975
0.674135 0.492022
0.674092 0.492068
0.674049 0.492115
0.674006 0.492161
0.673963 0.492207
0.673921 0.492252
0.673879 0.492297
0.673837 0.492342
0.673795 0.492387
0.673754 0.492432
0.673713 0.492476
0.673672 0.492520
0.673631 0.492564
0.673591 0.492607
0.673551 0.492650
0.673511 0.492693
0.673471 0.492736
0.673431 0.492779
0.673392 0.492821
0.673353 0.492863
0.673314 0.492904
0.673276 0.492946
0.673237 0.492987
0.673199 0.493028
0.673161 0.493069
0.673123 0.493109
0.673086 0.493150
0.673049 0.493190
0.673012 0.493230
0.672975 0.493269
0.672938 0.493308
0.672902 0.493348
0.672865 0.493386
0.672829 0.493425
0.672793 0.493464
0.672758 0.493502
0.672722 0.493540
0.672687 0.493577
0.672652 0.493615
0.672618 0.493652
0.672583 0.493689
0.672549 0.493726
0.672514 0.493763
0.672480 0.493799
0.672447 0.493836
0.672413 0.493872
0.672380 0.493908
0.672346 0.493943
0.672313 0.493979
0.672280 0.494014
0.672248 0.494049
0.672215 0.494084
0.672183 0.494118
0.672151 0.494152
0.672119 0.494187
0.672087 0.494221
0.672056 0.494254
0.672025 0.494288
0.671993 0.494321
0.671962 0.494355
0.671932 0.494388
0.671901 0.494420
0.671871 0.494453
0.671840 0.494485
0.671810 0.494518
0.671780 0.494550
0.671751 0.494582
0.671721 0.494613
0.671692 0.494645
0.671662 0.494676
0.671633 0.494707
0.671604 0.494738
0.671576 0.494769
0.671547 0.494799
0.671519 0.494830
0.671491 0.494860
0.671462 0.494890
0.671435 0.494920
0.671407 0.494950
0.671379 0.494979
0.671352 0.495008
0.671325 0.495038
0.671297 0.495067
0.671271 0.495095
0.671244 0.495124
0.671217 0.495153
0.671191 0.495181
0.671164 0.495209
0.671138 0.495237
0.671112 0.495265
0.671086 0.495293
0.671061 0.495320
0.671035 0.495347
0.671010 0.495375
0.670984 0.495402
0.670959 0.495429
0.670934 0.495455
0.670909 0.495482
0.670885 0.495508
0.670860 0.495535
0.670836 0.495561
0.670811 0.495587
0.670787 0.495612
0.670763 0.495638
0.670739 0.495663
0.670716 0.495689
0.670692 0.495714
0.670669 0.495739
0.670645 0.495764
0.670622 0.495789
0.670599 0.495813
0.670576 0.495838
0.670554 0.495862
0.670531 0.495886
0.670508 0.495910
0.670486 0.495934
0.670464 0.495958
0.670442 0.495982
0.670420 0.496005
0.670398 0.496028
0.670376 0.496052
0.670355 0.496075
0.670333 0.496098
0.670312 0.496120
0.670290 0.496143
0.670269 0.496166
0.670248 0.496188
0.670228 0.496210
0.670207 0.496233
0.670186 0.496255
0.670166 0.496276
0.670145 0.496298
0.670125 0.496320
0.670105 0.496341
0.670085 0.496363
0.670065 0.496384
0.670045 0.496405
0.670025 0.496426
0.670006 0.496447
0.669986 0.496468
0.669967 0.496488
0.669948 0.496509
0.669929 0.496529
0.669910 0.496550
0.669891 0.496570
0.669872 0.496590
0.669853 0.496610
0.669835 0.496630
0.669816 0.496649
0.669798 0.496669
0.669780 0.496688
0.669762 0.496708
0.669744 0.496727
0.669726 0.496746
0.669708 0.496765
0.669690 0.496784
0.669673 0.496803
0.669655 0.496821
0.669638 0.496840
0.669620 0.496858
0.669603 0.496877
0.669586 0.496895
0.669569 0.496913
0.669552 0.496931
0.669535 0.496949
0.669519 0.496967
0.669502 0.496985
0.669485 0.497002
0.669469 0.497020
0.669453 0.497037
0.669436 0.497055
0.669420 0.497072
0.669404 0.497089
0.669388 0.497106
0.669372 0.497123
0.669357 0.497140
0.669341 0.497156
0.669325 0.497173
0.669310 0.497189
0.669294 0.497206
0.669279 0.497222
0.669264 0.497238
0.669249 0.497255
0.669234 0.497271
0.669219 0.497287
0.669204 0.497302
0.669189 0.497318
0.669174 0.497334
0.669160 0.497349
0.669145 0.497365
0.669131 0.497380
0.669116 0.497396
0.669102 0.497411
0.669088 0.497426
0.669074 0.497441
0.669060 0.497456
0.669046 0.497471
0.669032 0.497486
0.669018 0.497500
0.669004 0.497515
0.668991 0.497529
0.668977 0.497544
0.668964 0.497558
0.668950 0.497572
0.668937 0.497587
0.668924 0.497601
0.668911 0.497615
0.668898 0.497629
0.668885 0.497643
0.668872 0.497656
0.668859 0.497670
0.668846 0.497684
0.668833 0.497697
0.668821 0.497711
0.668808 0.497724
0.668796 0.497737
0.668783 0.497751
0.668771 0.497764
0.668759 0.497777
0.668746 0.497790
0.668734 0.497803
0.668722 0.497815
0.668710 0.497828
0.668698 0.497841
0.668687 0.497854
0.668675 0.497866
0.668663 0.497879
0.668651 0.497891
0.668640 0.497903
0.668628 0.497915
0.668617 0.497928
0.668605 0.497940
0.668594 0.497952
0.668583 0.497964
0.668572 0.497976
0.668561 0.497988
0.668550 0.497999
0.668539 0.498011
0.668528 0.498023
0.668517 0.498034
0.668506 0.498046
0.668495 0.498057
0.668485 0.498068
0.668474 0.498080
0.668464 0.498091
0.668453 0.498102
0.668443 0.498113
0.668432 0.498124
0.668422 0.498135
0.668412 0.498146
0.668402 0.498157
0.668391 0.498168
0.668381 0.498178
0.668371 0.498189
0.668361 0.498200
0.668352 0.498210
0.668342 0.498221
0.668332 0.498231
0.668322 0.498241
0.668313 0.498252
0.668303 0.498262
0.668293 0.498272
0.668284 0.498282
0.668275 0.498292
0.668265 0.498302
0.668256 0.498312
0.668247 0.498322
0.668237 0.498332
0.668228 0.498341
0.668219 0.498351
0.668210 0.498361
0.668201 0.498370
0.668192 0.498380
0.668183 0.498389
0.668174 0.498399
0.668166 0.498408
0.668157 0.498417
0.668148 0.498427
0.668139 0.498436
0.668131 0.498445
0.668122 0.498454
0.668114 0.498463
0.668105 0.498472
0.668097 0.498481
0.668089 0.498490
0.668080 0.498499
0.668072 0.498507
0.668064 0.498516
0.668056 0.498525
0.668048 0.498533
0.668040 0.498542
0.668032 0.498550
0.668024 0.498559
0.668016 0.498567
0.668008 0.498576
0.668000 0.498584
0.667992 0.498592
0.667984 0.498601
0.667977 0.498609
0.667969 0.498617
0.667962 0.498625
0.667954 0.498633
0.667946 0.498641
0.667939 0.498649
0.667932 0.498657
0.667924 0.498665
0.667917 0.498672
0.667910 0.498680
0.667902 0.498688
0.667895 0.498696
0.667888 0.498703
0.667881 0.498711
0.667874 0.498718
0.667867 0.498726
0.667860 0.498733
0.667853 0.498741
0.667846 0.498748
0.667839 0.498755
0.667832 0.498763
0.667825 0.498770
0.667819 0.498777
0.667812 0.498784
0.667805 0.498791
0.667798 0.498798
0.667792 0.498805
0.667785 0.498812
0.667779 0.498819
