0.600000 0.400000
0.602369 0.402374
0.604676 0.404695
0.606923 0.406965
0.609111 0.409183
0.611240 0.411351
0.613311 0.413468
0.615327 0.415537
0.617286 0.417557
0.619191 0.419528
0.621043 0.421453
0.622843 0.423330
0.624592 0.425163
0.626290 0.426950
0.627939 0.428692
0.629541 0.430391
0.631095 0.432048
0.632603 0.433662
0.634067 0.435236
0.635486 0.436769
0.636863 0.438263
0.638198 0.439718
0.639493 0.441135
0.640747 0.442515
0.641963 0.443858
0.643141 0.445166
0.644281 0.446440
0.645386 0.447679
0.646456 0.448885
0.647492 0.450059
0.648495 0.451201
0.649466 0.452313
0.650405 0.453394
0.651313 0.454446
0.652192 0.455469
0.653041 0.456464
0.653863 0.457432
0.654657 0.458374
0.655425 0.459289
0.656167 0.460180
0.656884 0.461045
0.657576 0.461887
0.658245 0.462706
0.658891 0.463502
0.659515 0.464276
0.660117 0.465028
0.660698 0.465760
0.661258 0.466471
0.661799 0.467162
0.662321 0.467835
0.662824 0.468488
0.663310 0.469124
0.663777 0.469742
0.664228 0.470343
0.664663 0.470927
0.665081 0.471495
0.665485 0.472047
0.665873 0.472584
0.666247 0.473106
0.666606 0.473614
0.666953 0.474108
0.667286 0.474588
0.667606 0.475055
0.667915 0.475509
0.668211 0.475951
0.668496 0.476381
0.668769 0.476799
0.669032 0.477206
0.669284 0.477602
0.669527 0.477987
0.669759 0.478362
0.669982 0.478726
0.670196 0.479081
0.670401 0.479427
0.670598 0.479763
0.670786 0.480090
0.670966 0.480409
0.671139 0.480719
0.671304 0.481022
0.671462 0.481316
0.671612 0.481603
0.671757 0.481882
0.671894 0.482154
0.672026 0.482419
0.672151 0.482677
0.672270 0.482929
0.672384 0.483175
0.672492 0.483414
0.672595 0.483647
0.672693 0.483875
0.672786 0.484097
0.672874 0.484313
0.672957 0.484524
0.673037 0.484730
0.673111 0.484931
0.673182 0.485127
0.673249 0.485319
0.673312 0.485505
0.673371 0.485688
0.673426 0.485866
0.673478 0.486040
0.673527 0.486210
0.673573 0.486377
0.673615 0.486539
0.673655 0.486698
0.673691 0.486853
0.673725 0.487005
0.673756 0.487153
0.673785 0.487298
0.673811 0.487440
0.673834 0.487579
0.673856 0.487715
0.673875 0.487848
0.673892 0.487978
0.673907 0.488106
0.673920 0.488231
0.673931 0.488353
0.673940 0.488473
0.673947 0.488590
0.673953 0.488705
0.673957 0.488818
0.673960 0.488929
0.673961 0.489037
0.673960 0.489144
0.673959 0.489248
0.673955 0.489351
0.673951 0.489451
0.673945 0.489550
0.673938 0.489647
0.673930 0.489742
0.673921 0.489835
0.673911 0.489927
0.673900 0.490017
0.673888 0.490106
0.673875 0.490193
0.673861 0.490278
0.673846 0.490362
0.673830 0.490445
0.673814 0.490526
0.673797 0.490606
0.673779 0.490685
0.673760 0.490763
0.673741 0.490839
0.673721 0.490914
0.673701 0.490988
0.673680 0.491061
0.673658 0.491133
0.673636 0.491203
0.673613 0.491273
0.673590 0.491342
0.673567 0.491409
0.673543 0.491476
0.673519 0.491542
0.673494 0.491606
0.673469 0.491670
0.673443 0.491733
0.673418 0.491796
0.673392 0.491857
0.673365 0.491918
0.673339 0.491977
0.673312 0.492036
0.673285 0.492095
0.673257 0.492152
0.673230 0.492209
0.673202 0.492265
0.673174 0.492321
0.673146 0.492375
0.673118 0.492429
0.673089 0.492483
0.673061 0.492536
0.673032 0.492588
0.673003 0.492640
0.672974 0.492691
0.672945 0.492741
0.672916 0.492791
0.672887 0.492841
0.672858 0.492890
0.672828 0.492938
0.672799 0.492986
0.672770 0.493033
0.672740 0.493080
0.672711 0.493127
0.672681 0.493173
0.672652 0.493218
0.672622 0.493263
0.672593 0.493308
0.672563 0.493352
0.672534 0.493395
0.672504 0.493439
0.672474 0.493482
0.672445 0.493524
0.672416 0.493566
0.672386 0.493608
0.672357 0.493649
0.672327 0.493690
0.672298 0.493731
0.672269 0.493771
0.672240 0.493811
0.672210 0.493850
0.672181 0.493890
0.672152 0.493928
0.672123 0.493967
0.672094 0.494005
0.672066 0.494043
0.672037 0.494081
0.672008 0.494118
0.671980 0.494155
0.671951 0.494191
0.671923 0.494228
0.671894 0.494264
0.671866 0.494299
0.671838 0.494335
0.671810 0.494370
0.671782 0.494405
0.671754 0.494440
0.671726 0.494474
0.671699 0.494508
0.671671 0.494542
0.671644 0.494576
0.671616 0.494609
0.671589 0.494642
0.671562 0.494675
0.671535 0.494707
0.671508 0.494740
0.671481 0.494772
0.671454 0.494804
0.671428 0.494835
0.671401 0.494867
0.671375 0.494898
0.671349 0.494929
0.671322 0.494960
0.671296 0.494990
0.671270 0.495021
0.671245 0.495051
0.671219 0.495081
0.671193 0.495110
0.671168 0.495140
0.671143 0.495169
0.671117 0.495198
0.671092 0.495227
0.671067 0.495256
0.671042 0.495284
0.671018 0.495313
0.670993 0.495341
0.670969 0.495369
0.670944 0.495397
0.670920 0.495424
0.670896 0.495451
0.670872 0.495479
0.670848 0.495506
0.670824 0.495533
0.670800 0.495559
0.670777 0.495586
0.670753 0.495612
0.670730 0.495638
0.670707 0.495664
0.670684 0.495690
0.670661 0.495716
0.670638 0.495741
0.670615 0.495766
0.670593 0.495791
0.670570 0.495816
0.670548 0.495841
0.670526 0.495866
0.670504 0.495890
0.670481 0.495915
0.670460 0.495939
0.670438 0.495963
0.670416 0.495987
0.670395 0.496011
0.670373 0.496034
0.670352 0.496058
0.670331 0.496081
0.670310 0.496104
0.670289 0.496127
0.670268 0.496150
0.670247 0.496173
0.670226 0.496195
0.670206 0.496218
0.670185 0.496240
0.670165 0.496262
0.670145 0.496284
0.670125 0.496306
0.670105 0.496328
0.670085 0.496350
0.670065 0.496371
0.670046 0.496393
0.670026 0.496414
0.670007 0.496435
0.669987 0.496456
0.669968 0.496477
0.669949 0.496498
0.669930 0.496518
0.669911 0.496539
0.669892 0.496559
0.669874 0.496579
0.669855 0.496599
0.669837 0.496619
0.669818 0.496639
0.669800 0.496659
0.669782 0.496679
0.669764 0.496698
0.669746 0.496717
0.669728 0.496737
0.669710 0.496756
0.669693 0.496775
0.669675 0.496794
0.669658 0.496813
0.669640 0.496831
0.669623 0.496850
0.669606 0.496868
0.669589 0.496887
0.669572 0.496905
0.669555 0.496923
0.669538 0.496941
0.669522 0.496959
0.669505 0.496977
0.669489 0.496995
0.669472 0.497012
0.669456 0.497030
0.669440 0.497047
0.669424 0.497065
0.669408 0.497082
0.669392 0.497099
0.669376 0.497116
0.669360 0.497133
0.669344 0.497150
0.669329 0.497166
0.669313 0.497183
0.669298 0.497199
0.669283 0.497216
0.669267 0.497232
0.669252 0.497248
0.669237 0.497264
0.669222 0.497280
0.669207 0.497296
0.669193 0.497312
0.669178 0.497328
0.669163 0.497344
0.669149 0.497359
0.669134 0.497375
0.669120 0.497390
0.669106 0.497405
0.669092 0.497420
0.669077 0.497435
0.669063 0.497450
0.669049 0.497465
0.669036 0.497480
0.669022 0.497495
0.669008 0.497510
0.668994 0.497524
0.668981 0.497539
0.668967 0.497553
0.668954 0.497567
0.668941 0.497582
0.668927 0.497596
0.668914 0.497610
0.668901 0.497624
0.668888 0.497638
0.668875 0.497652
0.668862 0.497665
0.668850 0.497679
0.668837 0.497693
0.668824 0.497706
0.668812 0.497719
0.668799 0.497733
0.668787 0.497746
0.668774 0.497759
0.668762 0.497772
0.668750 0.497785
0.668738 0.497798
0.668726 0.497811
0.668714 0.497824
0.668702 0.497837
0.668690 0.497849
0.668678 0.497862
0.668666 0.497874
0.668655 0.497887
0.668643 0.497899
0.668632 0.497911
0.668620 0.497924
0.668609 0.497936
0.668597 0.497948
0.668586 0.497960
0.668575 0.497972
0.668564 0.497984
0.668553 0.497995
0.668542 0.498007
0.668531 0.498019
0.668520 0.498030
0.668509 0.498042
0.668499 0.498053
0.668488 0.498065
0.668477 0.498076
0.668467 0.498087
0.668456 0.498098
0.668446 0.498110
0.668435 0.498121
0.668425 0.498132
0.668415 0.498142
0.668405 0.498153
0.668394 0.498164
0.668384 0.498175
0.668374 0.498186
0.668364 0.498196
0.668355 0.498207
0.668345 0.498217
0.668335 0.498228
0.668325 0.498238
0.668316 0.498248
0.668306 0.498258
0.668296 0.498269
0.668287 0.498279
0.668277 0.498289
0.668268 0.498299
0.668259 0.498309
0.668249 0.498319
0.668240 0.498328
0.668231 0.498338
0.668222 0.498348
0.668213 0.498358
0.668204 0.498367
0.668195 0.498377
0.668186 0.498386
0.668177 0.498396
0.668168 0.498405
0.668159 0.498414
0.668151 0.498424
0.668142 0.498433
0.668133 0.498442
0.668125 0.498451
0.668116 0.498460
0.668108 0.498469
0.668100 0.498478
0.668091 0.498487
0.668083 0.498496
0.668075 0.498505
0.668066 0.498513
0.668058 0.498522
0.668050 0.498531
0.668042 0.498539
0.668034 0.498548
0.668026 0.498556
0.668018 0.498565
0.668010 0.498573
0.668002 0.498581
0.667995 0.498590
0.667987 0.498598
0.667979 0.498606
0.667971 0.498614
0.667964 0.498622
0.667956 0.498630
0.667949 0.498638
0.667941 0.498646
0.667934 0.498654
0.667926 0.498662
0.667919 0.498670
0.667912 0.498678
0.667905 0.498685
0.667897 0.498693
0.667890 0.498701
0.667883 0.498708
0.667876 0.498716
0.667869 0.498723
0.667862 0.498731
0.667855 0.498738
0.667848 0.498746
0.667841 0.498753
0.667834 0.498760
0.667827 0.498768
0.667821 0.498775
0.667814 0.498782
0.667807 0.498789
0.667801 0.498796
0.667794 0.498803
0.667787 0.498810
0.667781 0.498817
0.667774 0.498824
0.667768 0.498831
0.667761 0.498838
0.667755 0.498844
0.667749 0.498851
0.667742 0.498858
0.667736 0.498865
0.667730 0.498871
0.667724 0.498878
0.667717 0.498884
0.667711 0.498891
0.667705 0.498897
0.667699 0.498904
0.667693 0.498910
0.667687 0.498917
0.667681 0.498923
0.667675 0.498929
0.667669 0.498935
0.667664 0.498942
0.667658 0.498948
0.667652 0.498954
0.667646 0.498960
0.667640 0.498966
0.667635 0.498972
0.667629 0.498978
0.667624 0.498984
0.667618 0.498990
0.667612 0.498996
0.667607 0.499002
0.667601 0.499008
0.667596 0.499014
0.667590 0.499019
0.667585 0.499025
0.667580 0.499031
0.667574 0.499036
0.667569 0.499042
0.667564 0.499048
0.667559 0.499053
0.667553 0.499059
0.667548 0.499064
0.667543 0.499070
0.667538 0.499075
0.667533 0.499080
0.667528 0.499086
0.667523 0.499091
0.667518 0.499097
0.667513 0.499102
0.667508 0.499107
0.667503 0.499112
0.667498 0.499117
0.667493 0.499123
0.667488 0.499128
0.667484 0.499133
0.667479 0.499138
0.667474 0.499143
0.667469 0.499148
0.667465 0.499153
0.667460 0.499158
0.667455 0.499163
0.667451 0.499168
0.667446 0.499173
0.667442 0.499177
0.667437 0.499182
0.667433 0.499187
0.667428 0.499192
0.667424 0.499196
0.667419 0.499201
0.667415 0.499206
0.667411 0.499210
0.667406 0.499215
0.667402 0.499220
0.667398 0.499224
0.667393 0.499229
0.667389 0.499233
0.667385 0.499238
0.667381 0.499242
0.667377 0.499247
0.667372 0.499251
0.667368 0.499255
0.667364 0.499260
0.667360 0.499264
0.667356 0.499268
0.667352 0.499273
0.667348 0.499277
0.667344 0.499281
0.667340 0.499285
0.667336 0.499289
0.667332 0.499294
0.667328 0.499298
0.667325 0.499302
0.667321 0.499306
0.667317 0.499310
0.667313 0.499314
0.667309 0.499318
0.667306 0.499322
0.667302 0.499326
0.667298 0.499330
0.667294 0.499334
0.667291 0.499338
0.667287 0.499342
0.667283 0.499345
0.667280 0.499349
0.667276 0.499353
0.667273 0.499357
0.667269 0.499361
0.667266 0.499364
0.667262 0.499368
0.667259 0.499372
0.667255 0.499375
0.667252 0.499379
0.667248 0.499383
0.667245 0.499386
0.667242 0.499390
0.667238 0.499393
0.667235 0.499397
0.667232 0.499400
0.667228 0.499404
0.667225 0.499407
0.667222 0.499411
0.667219 0.499414
0.667215 0.499418
0.667212 0.499421
0.667209 0.499425
0.667206 0.499428
0.667203 0.499431
0.667199 0.499435
0.667196 0.499438
0.667193 0.499441
0.667190 0.499444
0.667187 0.499448
0.667184 0.499451
0.667181 0.499454
0.667178 0.499457
0.667175 0.499460
0.667172 0.499464
0.667169 0.499467
0.667166 0.499470
0.667163 0.499473
0.667160 0.499476
0.667158 0.499479
0.667155 0.499482
0.667152 0.499485
0.667149 0.499488
0.667146 0.499491
0.667143 0.499494
0.667141 0.499497
0.667138 0.499500
0.667135 0.499503
0.667132 0.499506
0.667130 0.499509
0.667127 0.499512
0.667124 0.499514
0.667122 0.499517
0.667119 0.499520
0.667116 0.499523
0.667114 0.499526
0.667111 0.499528
0.667108 0.499531
0.667106 0.499534
0.667103 0.499537
0.667101 0.499539
0.667098 0.499542
0.667096 0.499545
0.667093 0.499547
0.667091 0.499550
0.667088 0.499553
0.667086 0.499555
0.667083 0.499558
0.667081 0.499560
0.667078 0.499563
0.667076 0.499566
0.667074 0.499568
0.667071 0.499571
0.667069 0.499573
0.667067 0.499576
0.667064 0.499578
0.667062 0.499581
0.667060 0.499583
0.667057 0.499585
0.667055 0.499588
0.667053 0.499590
0.667051 0.499593
0.667048 0.499595
0.667046 0.499597
0.667044 0.499600
0.667042 0.499602
0.667039 0.499604
0.667037 0.499607
0.667035 0.499609
0.667033 0.499611
0.667031 0.499614
0.667029 0.499616
0.667027 0.499618
0.667024 0.499620
0.667022 0.499623
0.667020 0.499625
0.667018 0.499627
0.667016 0.499629
0.667014 0.499631
0.667012 0.499633
0.667010 0.499636
0.667008 0.499638
0.667006 0.499640
0.667004 0.499642
0.667002 0.499644
0.667000 0.499646
0.666998 0.499648
0.666996 0.499650
0.666994 0.499652
0.666992 0.499654
0.666991 0.499656
0.666989 0.499658
0.666987 0.499660
0.666985 0.499662
0.666983 0.499664
0.666981 0.499666
0.666979 0.499668
0.666978 0.499670
0.666976 0.499672
0.666974 0.499674
0.666972 0.499676
0.666970 0.499678
0.666969 0.499680
0.666967 0.499682
0.666965 0.499683
0.666963 0.499685
0.666962 0.499687
0.666960 0.499689
0.666958 0.499691
0.666956 0.499693
0.666955 0.499694
0.666953 0.499696
0.666951 0.499698
0.666950 0.499700
0.666948 0.499701
0.666946 0.499703
0.666945 0.499705
0.666943 0.499707
0.666942 0.499708
0.666940 0.499710
0.666938 0.499712
0.666937 0.499713
0.666935 0.499715
0.666934 0.499717
0.666932 0.499718
0.666931 0.499720
0.666929 0.499722
0.666927 0.499723
0.666926 0.499725
0.666924 0.499727
0.666923 0.499728
0.666921 0.499730
0.666920 0.499731
0.666918 0.499733
0.666917 0.499734
0.666916 0.499736
0.666914 0.499738
0.666913 0.499739
0.666911 0.499741
0.666910 0.499742
0.666908 0.499744
0.666907 0.499745
0.666906 0.499747
0.666904 0.499748
0.666903 0.499750
0.666901 0.499751
0.666900 0.499752
0.666899 0.499754
0.666897 0.499755
0.666896 0.499757
0.666895 0.499758
0.666893 0.499760
0.666892 0.499761
0.666891 0.499762
0.666889 0.499764
0.666888 0.499765
0.666887 0.499767
0.666885 0.499768
0.666884 0.499769
0.666883 0.499771
0.666882 0.499772
0.666880 0.499773
0.666879 0.499775
0.666878 0.499776
0.666877 0.499777
0.666875 0.499779
0.666874 0.499780
0.666873 0.499781
0.666872 0.499782
0.666871 0.499784
0.666869 0.499785
0.666868 0.499786
0.666867 0.499787
0.666866 0.499789
0.666865 0.499790
0.666864 0.499791
0.666862 0.499792
0.666861 0.499794
0.666860 0.499795
0.666859 0.499796
0.666858 0.499797
0.666857 0.499798
0.666856 0.499800
0.666855 0.499801
0.666853 0.499802
0.666852 0.499803
0.666851 0.499804
0.666850 0.499805
0.666849 0.499806
0.666848 0.499808
0.666847 0.499809
0.666846 0.499810
0.666845 0.499811
0.666844 0.499812
0.666843 0.499813
0.666842 0.499814
0.666841 0.499815
0.666840 0.499816
0.666839 0.499817
0.666838 0.499819
0.666837 0.499820
0.666836 0.499821
0.666835 0.499822
0.666834 0.499823
0.666833 0.499824
0.666832 0.499825
0.666831 0.499826
0.666830 0.499827
0.666829 0.499828
0.666828 0.499829
0.666827 0.499830
0.666826 0.499831
0.666825 0.499832
0.666824 0.499833
0.666823 0.499834
0.666822 0.499835
0.666822 0.499836
0.666821 0.499837
0.666820 0.499838
0.666819 0.499839
0.666818 0.499840
0.666817 0.499840
0.666816 0.499841
0.666815 0.499842
0.666814 0.499843
0.666814 0.499844
0.666813 0.499845
0.666812 0.499846
0.666811 0.499847
0.666810 0.499848
0.666809 0.499849
0.666808 0.499850
0.666808 0.499850
0.666807 0.499851
0.666806 0.499852
0.666805 0.499853
0.666804 0.499854
0.666804 0.499855
0.666803 0.499856
0.666802 0.499856
0.666801 0.499857
0.666800 0.499858
0.666800 0.499859
0.666799 0.499860
0.666798 0.499861
0.666797 0.499861
0.666797 0.499862
0.666796 0.499863
0.666795 0.499864
0.666794 0.499865
0.666794 0.499865
0.666793 0.499866
0.666792 0.499867
0.666791 0.499868
0.666791 0.499869
0.666790 0.499869
0.666789 0.499870
0.666788 0.499871
0.666788 0.499872
0.666787 0.499872
0.666786 0.499873
0.666786 0.499874
0.666785 0.499875
0.666784 0.499875
0.666784 0.499876
0.666783 0.499877
0.666782 0.499877
0.666782 0.499878
0.666781 0.499879
0.666780 0.499880
0.666780 0.499880
0.666779 0.499881
0.666778 0.499882
0.666778 0.499882
0.666777 0.499883
0.666776 0.499884
0.666776 0.499884
0.666775 0.499885
0.666774 0.499886
0.666774 0.499886
0.666773 0.499887
0.666772 0.499888
0.666772 0.499888
0.666771 0.499889
0.666771 0.499890
0.666770 0.499890
0.666769 0.499891
0.666769 0.499892
0.666768 0.499892
0.666768 0.499893
0.666767 0.499894
0.666766 0.499894
0.666766 0.499895
0.666765 0.499895
0.666765 0.499896
0.666764 0.499897
0.666764 0.499897
0.666763 0.499898
0.666762 0.499898
0.666762 0.499899
0.666761 0.499900
0.666761 0.499900
0.666760 0.499901
0.666760 0.499901
0.666759 0.499902
0.666759 0.499902
0.666758 0.499903
0.666758 0.499904
0.666757 0.499904
0.666756 0.499905
0.666756 0.499905
0.666755 0.499906
0.666755 0.499906
0.666754 0.499907
0.666754 0.499907
0.666753 0.499908
0.666753 0.499909
0.666752 0.499909
0.666752 0.499910
0.666751 0.499910
0.666751 0.499911
0.666750 0.499911
0.666750 0.499912
0.666749 0.499912
0.666749 0.499913
0.666748 0.499913
0.666748 0.499914
0.666747 0.499914
0.666747 0.499915
0.666747 0.499915
0.666746 0.499916
0.666746 0.499916
0.666745 0.499917
0.666745 0.499917
0.666744 0.499918
0.666744 0.499918
0.666743 0.499919
0.666743 0.499919
0.666742 0.499920
0.666742 0.499920
0.666742 0.499921
0.666741 0.499921
0.666741 0.499921
0.666740 0.499922
0.666740 0.499922
0.666739 0.499923
0.666739 0.499923
0.666739 0.499924
0.666738 0.499924
0.666738 0.499925
0.666737 0.499925
0.666737 0.499926
0.666736 0.499926
0.666736 0.499926
0.666736 0.499927
0.666735 0.499927
0.666735 0.499928
0.666734 0.499928
0.666734 0.499929
0.666734 0.499929
0.666733 0.499929
0.666733 0.499930
0.666733 0.499930
0.666732 0.499931
0.666732 0.499931
0.666731 0.499931
0.666731 0.499932
0.666731 0.499932
0.666730 0.499933
0.666730 0.499933
0.666729 0.499933
0.666729 0.499934
0.666729 0.499934
0.666728 0.499935
0.666728 0.499935
0.666728 0.499935
0.666727 0.499936
0.666727 0.499936
0.666727 0.499936
0.666726 0.499937
0.666726 0.499937
0.666726 0.499938
0.666725 0.499938
0.666725 0.499938
0.666725 0.499939
0.666724 0.499939
0.666724 0.499939
0.666724 0.499940
0.666723 0.499940
0.666723 0.499940
0.666723 0.499941
0.666722 0.499941
0.666722 0.499941
0.666722 0.499942
0.666721 0.499942
0.666721 0.499942
0.666721 0.499943
0.666720 0.499943
0.666720 0.499943
0.666720 0.499944
0.666719 0.499944
0.666719 0.499944
0.666719 0.499945
