0.000000 0.200000
0.010000 0.198147
0.020000 0.196322
0.030000 0.194523
0.040000 0.192750
0.050000 0.191003
0.060000 0.189280
0.070000 0.187582
0.080000 0.185907
0.090000 0.184255
0.100000 0.182626
0.110000 0.181019
0.120000 0.179433
0.130000 0.177868
0.140000 0.176324
0.150000 0.174800
0.160000 0.173296
0.170000 0.171810
0.180000 0.170344
0.190000 0.168896
0.200000 0.167465
0.210000 0.166053
0.220000 0.164657
0.230000 0.163279
0.240000 0.161916
0.250000 0.160570
0.260000 0.159240
0.270000 0.157925
0.280000 0.156626
0.290000 0.155341
0.300000 0.154071
0.310000 0.152815
0.320000 0.151573
0.330000 0.150345
0.340000 0.149130
0.350000 0.147928
0.360000 0.146740
0.370000 0.145564
0.380000 0.144400
0.390000 0.143249
0.400000 0.142110
0.410000 0.140982
0.420000 0.139866
0.430000 0.138762
0.440000 0.137668
0.450000 0.136586
0.460000 0.135514
0.470000 0.134453
0.480000 0.133402
0.490000 0.132362
0.500000 0.131331
0.510000 0.130311
0.520000 0.129300
0.530000 0.128299
0.540000 0.127307
0.550000 0.126324
0.560000 0.125350
0.570000 0.124386
0.580000 0.123430
0.590000 0.122483
0.600000 0.121544
0.610000 0.120614
0.620000 0.119691
0.630000 0.118778
0.640000 0.117872
0.650000 0.116974
0.660000 0.116083
0.670000 0.115201
0.680000 0.114326
0.690000 0.113458
0.700000 0.112598
0.710000 0.111744
0.720000 0.110898
0.730000 0.110059
0.740000 0.109227
0.750000 0.108402
0.760000 0.107584
0.770000 0.106772
0.780000 0.105967
0.790000 0.105168
0.800000 0.104375
0.810000 0.103589
0.820000 0.102809
0.830000 0.102035
0.840000 0.101267
0.850000 0.100506
0.860000 0.099750
0.870000 0.099000
0.880000 0.098255
0.890000 0.097517
0.900000 0.096784
0.910000 0.096056
0.920000 0.095334
0.930000 0.094618
0.940000 0.093907
0.950000 0.093201
0.960000 0.092500
0.970000 0.091805
0.980000 0.091114
0.990000 0.090429
1.000000 0.089749
1.010000 0.089073
1.020000 0.088403
1.030000 0.087737
1.040000 0.087076
1.050000 0.086420
1.060000 0.085769
1.070000 0.085122
1.080000 0.084480
1.090000 0.083842
1.100000 0.083209
1.110000 0.082581
1.120000 0.081957
1.130000 0.081337
1.140000 0.080721
1.150000 0.080110
1.160000 0.079503
1.170000 0.078901
1.180000 0.078302
1.190000 0.077708
1.200000 0.077117
1.210000 0.076531
1.220000 0.075949
1.230000 0.075370
1.240000 0.074796
1.250000 0.074226
1.260000 0.073659
1.270000 0.073097
1.280000 0.072538
1.290000 0.071983
1.300000 0.071432
1.310000 0.070884
1.320000 0.070340
1.330000 0.069800
1.340000 0.069263
1.350000 0.068730
1.360000 0.068201
1.370000 0.067675
1.380000 0.067153
1.390000 0.066634
1.400000 0.066119
1.410000 0.065607
1.420000 0.065098
1.430000 0.064593
1.440000 0.064092
1.450000 0.063593
1.460000 0.063098
1.470000 0.062606
1.480000 0.062118
1.490000 0.061633
1.500000 0.061151
1.510000 0.060672
1.520000 0.060196
1.530000 0.059724
1.540000 0.059255
1.550000 0.058788
1.560000 0.058325
1.570000 0.057865
1.580000 0.057408
1.590000 0.056954
1.600000 0.056503
1.610000 0.056055
1.620000 0.055611
1.630000 0.055169
1.640000 0.054730
1.650000 0.054293
1.660000 0.053860
1.670000 0.053430
1.680000 0.053002
1.690000 0.052578
1.700000 0.052156
1.710000 0.051737
1.720000 0.051321
1.730000 0.050908
1.740000 0.050497
1.750000 0.050089
1.760000 0.049684
1.770000 0.049282
1.780000 0.048882
1.790000 0.048485
1.800000 0.048091
1.810000 0.047699
1.820000 0.047310
1.830000 0.046924
1.840000 0.046540
1.850000 0.046159
1.860000 0.045780
1.870000 0.045404
1.880000 0.045030
1.890000 0.044659
1.900000 0.044291
1.910000 0.043925
1.920000 0.043562
1.930000 0.043201
1.940000 0.042842
1.950000 0.042486
1.960000 0.042133
1.970000 0.041782
1.980000 0.041433
1.990000 0.041087
2.000000 0.040743
2.010000 0.040401
2.020000 0.040062
2.030000 0.039725
2.040000 0.039391
2.050000 0.039059
2.060000 0.038729
2.070000 0.038401
2.080000 0.038076
2.090000 0.037753
2.100000 0.037433
2.110000 0.037114
2.120000 0.036798
2.130000 0.036484
2.140000 0.036172
2.150000 0.035863
2.160000 0.035555
2.170000 0.035250
2.180000 0.034947
2.190000 0.034647
2.200000 0.034348
2.210000 0.034052
2.220000 0.033757
2.230000 0.033465
2.240000 0.033175
2.250000 0.032887
2.260000 0.032601
2.270000 0.032317
2.280000 0.032035
2.290000 0.031755
2.300000 0.031477
2.310000 0.031202
2.320000 0.030928
2.330000 0.030656
2.340000 0.030387
2.350000 0.030119
2.360000 0.029853
2.370000 0.029590
2.380000 0.029328
2.390000 0.029068
2.400000 0.028810
2.410000 0.028554
2.420000 0.028300
2.430000 0.028048
2.440000 0.027797
2.450000 0.027549
2.460000 0.027302
2.470000 0.027058
2.480000 0.026815
2.490000 0.026574
2.500000 0.026335
2.510000 0.026097
2.520000 0.025862
2.530000 0.025628
2.540000 0.025396
2.550000 0.025166
2.560000 0.024938
2.570000 0.024711
2.580000 0.024486
2.590000 0.024263
2.600000 0.024041
2.610000 0.023822
2.620000 0.023604
2.630000 0.023388
2.640000 0.023173
2.650000 0.022960
2.660000 0.022749
2.670000 0.022539
2.680000 0.022331
2.690000 0.022125
2.700000 0.021920
2.710000 0.021717
2.720000 0.021516
2.730000 0.021316
2.740000 0.021118
2.750000 0.020921
2.760000 0.020726
2.770000 0.020533
2.780000 0.020341
2.790000 0.020150
2.800000 0.019962
2.810000 0.019774
2.820000 0.019589
2.830000 0.019404
2.840000 0.019222
2.850000 0.019040
2.860000 0.018860
2.870000 0.018682
2.880000 0.018505
2.890000 0.018330
2.900000 0.018156
2.910000 0.017983
2.920000 0.017812
2.930000 0.017643
2.940000 0.017474
2.950000 0.017307
2.960000 0.017142
2.970000 0.016978
2.980000 0.016815
2.990000 0.016654
3.000000 0.016494
3.010000 0.016335
3.020000 0.016178
3.030000 0.016022
3.040000 0.015867
3.050000 0.015714
3.060000 0.015562
3.070000 0.015411
3.080000 0.015262
3.090000 0.015114
3.100000 0.014967
3.110000 0.014821
3.120000 0.014677
3.130000 0.014534
3.140000 0.014392
3.150000 0.014251
3.160000 0.014112
3.170000 0.013973
3.180000 0.013836
3.190000 0.013701
3.200000 0.013566
3.210000 0.013432
3.220000 0.013300
3.230000 0.013169
3.240000 0.013039
3.250000 0.012910
3.260000 0.012782
3.270000 0.012656
3.280000 0.012530
3.290000 0.012406
3.300000 0.012283
3.310000 0.012161
3.320000 0.012040
3.330000 0.011920
3.340000 0.011801
3.350000 0.011683
3.360000 0.011566
3.370000 0.011450
3.380000 0.011336
3.390000 0.011222
3.400000 0.011110
3.410000 0.010998
3.420000 0.010887
3.430000 0.010778
3.440000 0.010669
3.450000 0.010562
3.460000 0.010455
3.470000 0.010349
3.480000 0.010245
3.490000 0.010141
3.500000 0.010038
3.510000 0.009936
3.520000 0.009836
3.530000 0.009736
3.540000 0.009637
3.550000 0.009539
3.560000 0.009441
3.570000 0.009345
3.580000 0.009250
3.590000 0.009155
3.600000 0.009062
3.610000 0.008969
3.620000 0.008877
3.630000 0.008786
3.640000 0.008696
3.650000 0.008606
3.660000 0.008518
3.670000 0.008430
3.680000 0.008344
3.690000 0.008258
3.700000 0.008172
3.710000 0.008088
3.720000 0.008005
3.730000 0.007922
3.740000 0.007840
3.750000 0.007759
3.760000 0.007678
3.770000 0.007599
3.780000 0.007520
3.790000 0.007441
3.800000 0.007364
3.810000 0.007287
3.820000 0.007212
3.830000 0.007136
3.840000 0.007062
3.850000 0.006988
3.860000 0.006915
3.870000 0.006843
3.880000 0.006771
3.890000 0.006700
3.900000 0.006630
3.910000 0.006561
3.920000 0.006492
3.930000 0.006424
3.940000 0.006356
3.950000 0.006289
3.960000 0.006223
3.970000 0.006158
3.980000 0.006093
3.990000 0.006028
4.000000 0.005965
4.010000 0.005902
4.020000 0.005839
4.030000 0.005778
4.040000 0.005716
4.050000 0.005656
4.060000 0.005596
4.070000 0.005537
4.080000 0.005478
4.090000 0.005420
4.100000 0.005362
4.110000 0.005305
4.120000 0.005249
4.130000 0.005193
4.140000 0.005137
4.150000 0.005083
4.160000 0.005028
4.170000 0.004975
4.180000 0.004922
4.190000 0.004869
4.200000 0.004817
4.210000 0.004765
4.220000 0.004714
4.230000 0.004664
4.240000 0.004614
4.250000 0.004564
4.260000 0.004515
4.270000 0.004467
4.280000 0.004419
4.290000 0.004371
4.300000 0.004324
4.310000 0.004278
4.320000 0.004232
4.330000 0.004186
4.340000 0.004141
4.350000 0.004096
4.360000 0.004052
4.370000 0.004008
4.380000 0.003965
4.390000 0.003922
4.400000 0.003880
4.410000 0.003838
4.420000 0.003796
4.430000 0.003755
4.440000 0.003714
4.450000 0.003674
4.460000 0.003634
4.470000 0.003595
4.480000 0.003555
4.490000 0.003517
4.500000 0.003479
4.510000 0.003441
4.520000 0.003403
4.530000 0.003366
4.540000 0.003329
4.550000 0.003293
4.560000 0.003257
4.570000 0.003222
4.580000 0.003187
4.590000 0.003152
4.600000 0.003117
4.610000 0.003083
4.620000 0.003049
4.630000 0.003016
4.640000 0.002983
4.650000 0.002950
4.660000 0.002918
4.670000 0.002886
4.680000 0.002854
4.690000 0.002823
4.700000 0.002792
4.710000 0.002761
4.720000 0.002731
4.730000 0.002701
4.740000 0.002671
4.750000 0.002642
4.760000 0.002613
4.770000 0.002584
4.780000 0.002556
4.790000 0.002527
4.800000 0.002500
4.810000 0.002472
4.820000 0.002445
4.830000 0.002418
4.840000 0.002391
4.850000 0.002365
4.860000 0.002338
4.870000 0.002313
4.880000 0.002287
4.890000 0.002262
4.900000 0.002237
4.910000 0.002212
4.920000 0.002187
4.930000 0.002163
4.940000 0.002139
4.950000 0.002115
4.960000 0.002092
4.970000 0.002069
4.980000 0.002046
4.990000 0.002023
5.000000 0.002001
5.010000 0.001978
5.020000 0.001956
5.030000 0.001935
5.040000 0.001913
5.050000 0.001892
5.060000 0.001871
5.070000 0.001850
5.080000 0.001829
5.090000 0.001809
5.100000 0.001789
5.110000 0.001769
5.120000 0.001749
5.130000 0.001730
5.140000 0.001710
5.150000 0.001691
5.160000 0.001672
5.170000 0.001654
5.180000 0.001635
5.190000 0.001617
5.200000 0.001599
5.210000 0.001581
5.220000 0.001563
5.230000 0.001546
5.240000 0.001528
5.250000 0.001511
5.260000 0.001494
5.270000 0.001478
5.280000 0.001461
5.290000 0.001445
5.300000 0.001428
5.310000 0.001412
5.320000 0.001397
5.330000 0.001381
5.340000 0.001365
5.350000 0.001350
5.360000 0.001335
5.370000 0.001320
5.380000 0.001305
5.390000 0.001290
5.400000 0.001276
5.410000 0.001261
5.420000 0.001247
5.430000 0.001233
5.440000 0.001219
5.450000 0.001206
5.460000 0.001192
5.470000 0.001179
5.480000 0.001165
5.490000 0.001152
5.500000 0.001139
5.510000 0.001126
5.520000 0.001114
5.530000 0.001101
5.540000 0.001089
5.550000 0.001076
5.560000 0.001064
5.570000 0.001052
5.580000 0.001040
5.590000 0.001029
5.600000 0.001017
5.610000 0.001005
5.620000 0.000994
5.630000 0.000983
5.640000 0.000972
5.650000 0.000961
5.660000 0.000950
5.670000 0.000939
5.680000 0.000928
5.690000 0.000918
5.700000 0.000908
5.710000 0.000897
5.720000 0.000887
5.730000 0.000877
5.740000 0.000867
5.750000 0.000857
5.760000 0.000848
5.770000 0.000838
5.780000 0.000828
5.790000 0.000819
5.800000 0.000810
5.810000 0.000801
5.820000 0.000792
5.830000 0.000783
5.840000 0.000774
5.850000 0.000765
5.860000 0.000756
5.870000 0.000748
5.880000 0.000739
5.890000 0.000731
5.900000 0.000722
5.910000 0.000714
5.920000 0.000706
5.930000 0.000698
5.940000 0.000690
5.950000 0.000682
5.960000 0.000674
5.970000 0.000667
5.980000 0.000659
5.990000 0.000652
6.000000 0.000644
6.010000 0.000637
6.020000 0.000630
6.030000 0.000622
6.040000 0.000615
6.050000 0.000608
6.060000 0.000601
6.070000 0.000595
6.080000 0.000588
6.090000 0.000581
6.100000 0.000574
6.110000 0.000568
6.120000 0.000561
6.130000 0.000555
6.140000 0.000549
6.150000 0.000542
6.160000 0.000536
6.170000 0.000530
6.180000 0.000524
6.190000 0.000518
6.200000 0.000512
6.210000 0.000506
6.220000 0.000501
6.230000 0.000495
6.240000 0.000489
6.250000 0.000484
6.260000 0.000478
6.270000 0.000473
6.280000 0.000467
6.290000 0.000462
6.300000 0.000457
6.310000 0.000451
6.320000 0.000446
6.330000 0.000441
6.340000 0.000436
6.350000 0.000431
6.360000 0.000426
6.370000 0.000421
6.380000 0.000416
6.390000 0.000412
6.400000 0.000407
6.410000 0.000402
6.420000 0.000398
6.430000 0.000393
6.440000 0.000389
6.450000 0.000384
6.460000 0.000380
6.470000 0.000375
6.480000 0.000371
6.490000 0.000367
6.500000 0.000363
6.510000 0.000358
6.520000 0.000354
6.530000 0.000350
6.540000 0.000346
6.550000 0.000342
6.560000 0.000338
6.570000 0.000335
6.580000 0.000331
6.590000 0.000327
6.600000 0.000323
6.610000 0.000319
6.620000 0.000316
6.630000 0.000312
6.640000 0.000309
6.650000 0.000305
6.660000 0.000302
6.670000 0.000298
6.680000 0.000295
6.690000 0.000291
6.700000 0.000288
6.710000 0.000285
6.720000 0.000281
6.730000 0.000278
6.740000 0.000275
6.750000 0.000272
6.760000 0.000269
6.770000 0.000266
6.780000 0.000262
6.790000 0.000259
6.800000 0.000256
6.810000 0.000254
6.820000 0.000251
6.830000 0.000248
6.840000 0.000245
6.850000 0.000242
6.860000 0.000239
6.870000 0.000237
6.880000 0.000234
6.890000 0.000231
6.900000 0.000228
6.910000 0.000226
6.920000 0.000223
6.930000 0.000221
6.940000 0.000218
6.950000 0.000216
6.960000 0.000213
6.970000 0.000211
6.980000 0.000208
6.990000 0.000206
7.000000 0.000204
7.010000 0.000201
7.020000 0.000199
7.030000 0.000197
7.040000 0.000194
7.050000 0.000192
7.060000 0.000190
7.070000 0.000188
7.080000 0.000185
7.090000 0.000183
7.100000 0.000181
7.110000 0.000179
7.120000 0.000177
7.130000 0.000175
7.140000 0.000173
7.150000 0.000171
7.160000 0.000169
7.170000 0.000167
7.180000 0.000165
7.190000 0.000163
7.200000 0.000161
7.210000 0.000160
7.220000 0.000158
7.230000 0.000156
7.240000 0.000154
7.250000 0.000152
7.260000 0.000151
7.270000 0.000149
7.280000 0.000147
7.290000 0.000145
7.300000 0.000144
7.310000 0.000142
7.320000 0.000140
7.330000 0.000139
7.340000 0.000137
7.350000 0.000136
7.360000 0.000134
7.370000 0.000133
7.380000 0.000131
7.390000 0.000129
7.400000 0.000128
7.410000 0.000127
7.420000 0.000125
7.430000 0.000124
7.440000 0.000122
7.450000 0.000121
7.460000 0.000119
7.470000 0.000118
7.480000 0.000117
7.490000 0.000115
7.500000 0.000114
7.510000 0.000113
7.520000 0.000111
7.530000 0.000110
7.540000 0.000109
7.550000 0.000108
7.560000 0.000106
7.570000 0.000105
7.580000 0.000104
7.590000 0.000103
7.600000 0.000101
7.610000 0.000100
7.620000 0.000099
7.630000 0.000098
7.640000 0.000097
7.650000 0.000096
7.660000 0.000095
7.670000 0.000094
7.680000 0.000092
7.690000 0.000091
7.700000 0.000090
7.710000 0.000089
7.720000 0.000088
7.730000 0.000087
7.740000 0.000086
7.750000 0.000085
7.760000 0.000084
7.770000 0.000083
7.780000 0.000082
7.790000 0.000081
7.800000 0.000080
7.810000 0.000079
7.820000 0.000079
7.830000 0.000078
7.840000 0.000077
7.850000 0.000076
7.860000 0.000075
7.870000 0.000074
7.880000 0.000073
7.890000 0.000072
7.900000 0.000072
7.910000 0.000071
7.920000 0.000070
7.930000 0.000069
7.940000 0.000068
7.950000 0.000068
7.960000 0.000067
7.970000 0.000066
7.980000 0.000065
7.990000 0.000064
8.000000 0.000064
8.010000 0.000063
8.020000 0.000062
8.030000 0.000062
8.040000 0.000061
8.050000 0.000060
8.060000 0.000059
8.070000 0.000059
8.080000 0.000058
8.090000 0.000057
8.100000 0.000057
8.110000 0.000056
8.120000 0.000055
8.130000 0.000055
8.140000 0.000054
8.150000 0.000054
8.160000 0.000053
8.170000 0.000052
8.180000 0.000052
8.190000 0.000051
8.200000 0.000051
8.210000 0.000050
8.220000 0.000049
8.230000 0.000049
8.240000 0.000048
8.250000 0.000048
8.260000 0.000047
8.270000 0.000047
8.280000 0.000046
8.290000 0.000045
8.300000 0.000045
8.310000 0.000044
8.320000 0.000044
8.330000 0.000043
8.340000 0.000043
8.350000 0.000042
8.360000 0.000042
8.370000 0.000041
8.380000 0.000041
8.390000 0.000040
8.400000 0.000040
8.410000 0.000040
8.420000 0.000039
8.430000 0.000039
8.440000 0.000038
8.450000 0.000038
8.460000 0.000037
8.470000 0.000037
8.480000 0.000036
8.490000 0.000036
8.500000 0.000036
8.510000 0.000035
8.520000 0.000035
8.530000 0.000034
8.540000 0.000034
8.550000 0.000034
8.560000 0.000033
8.570000 0.000033
8.580000 0.000032
8.590000 0.000032
8.600000 0.000032
8.610000 0.000031
8.620000 0.000031
8.630000 0.000031
8.640000 0.000030
8.650000 0.000030
8.660000 0.000030
8.670000 0.000029
8.680000 0.000029
8.690000 0.000029
8.700000 0.000028
8.710000 0.000028
8.720000 0.000028
8.730000 0.000027
8.740000 0.000027
8.750000 0.000027
8.760000 0.000026
8.770000 0.000026
8.780000 0.000026
8.790000 0.000025
8.800000 0.000025
8.810000 0.000025
8.820000 0.000025
8.830000 0.000024
8.840000 0.000024
8.850000 0.000024
8.860000 0.000023
8.870000 0.000023
8.880000 0.000023
8.890000 0.000023
8.900000 0.000022
8.910000 0.000022
8.920000 0.000022
8.930000 0.000022
8.940000 0.000021
8.950000 0.000021
8.960000 0.000021
8.970000 0.000021
8.980000 0.000020
8.990000 0.000020
9.000000 0.000020
9.010000 0.000020
9.020000 0.000019
9.030000 0.000019
9.040000 0.000019
9.050000 0.000019
9.060000 0.000019
9.070000 0.000018
9.080000 0.000018
9.090000 0.000018
9.100000 0.000018
9.110000 0.000017
9.120000 0.000017
9.130000 0.000017
9.140000 0.000017
9.150000 0.000017
9.160000 0.000017
9.170000 0.000016
9.180000 0.000016
9.190000 0.000016
9.200000 0.000016
9.210000 0.000016
9.220000 0.000015
9.230000 0.000015
9.240000 0.000015
9.250000 0.000015
9.260000 0.000015
9.270000 0.000015
9.280000 0.000014
9.290000 0.000014
9.300000 0.000014
9.310000 0.000014
9.320000 0.000014
9.330000 0.000014
9.340000 0.000013
9.350000 0.000013
9.360000 0.000013
9.370000 0.000013
9.380000 0.000013
9.390000 0.000013
9.400000 0.000012
9.410000 0.000012
9.420000 0.000012
9.430000 0.000012
9.440000 0.000012
9.450000 0.000012
9.460000 0.000012
9.470000 0.000012
9.480000 0.000011
9.490000 0.000011
9.500000 0.000011
9.510000 0.000011
9.520000 0.000011
9.530000 0.000011
9.540000 0.000011
9.550000 0.000010
9.560000 0.000010
9.570000 0.000010
9.580000 0.000010
9.590000 0.000010
9.600000 0.000010
9.610000 0.000010
9.620000 0.000010
9.630000 0.000010
9.640000 0.000009
9.650000 0.000009
9.660000 0.000009
9.670000 0.000009
9.680000 0.000009
9.690000 0.000009
9.700000 0.000009
9.710000 0.000009
9.720000 0.000009
9.730000 0.000008
9.740000 0.000008
9.750000 0.000008
9.760000 0.000008
9.770000 0.000008
9.780000 0.000008
9.790000 0.000008
9.800000 0.000008
9.810000 0.000008
9.820000 0.000008
9.830000 0.000008
9.840000 0.000007
9.850000 0.000007
9.860000 0.000007
9.870000 0.000007
9.880000 0.000007
9.890000 0.000007
9.900000 0.000007
9.910000 0.000007
9.920000 0.000007
9.930000 0.000007
9.940000 0.000007
9.950000 0.000007
9.960000 0.000006
9.970000 0.000006
9.980000 0.000006
9.990000 0.000006
