0.200000 0.950000
0.201007 0.946264
0.202028 0.942653
0.203062 0.939161
0.204109 0.935780
0.205169 0.932506
0.206241 0.929334
0.207324 0.926258
0.208419 0.923275
0.209526 0.920378
0.210643 0.917565
0.211771 0.914832
0.212909 0.912173
0.214057 0.909587
0.215215 0.907069
0.216382 0.904616
0.217559 0.902226
0.218744 0.899895
0.219939 0.897621
0.221141 0.895401
0.222352 0.893232
0.223572 0.891113
0.224799 0.889041
0.226033 0.887013
0.227275 0.885028
0.228525 0.883084
0.229781 0.881179
0.231044 0.879311
0.232314 0.877478
0.233591 0.875680
0.234874 0.873914
0.236163 0.872179
0.237458 0.870474
0.238759 0.868796
0.240066 0.867146
0.241378 0.865522
0.242696 0.863922
0.244019 0.862346
0.245347 0.860793
0.246680 0.859261
0.248018 0.857749
0.249361 0.856257
0.250708 0.854784
0.252060 0.853329
0.253416 0.851891
0.254777 0.850470
0.256141 0.849064
0.257509 0.847673
0.258882 0.846297
0.260257 0.844934
0.261637 0.843584
0.263020 0.842247
0.264406 0.840922
0.265796 0.839608
0.267189 0.838305
0.268584 0.837012
0.269983 0.835730
0.271384 0.834457
0.272789 0.833193
0.274195 0.831938
0.275605 0.830692
0.277017 0.829453
0.278431 0.828222
0.279847 0.826999
0.281265 0.825782
0.282686 0.824572
0.284108 0.823368
0.285532 0.822171
0.286958 0.820979
0.288385 0.819793
0.289814 0.818613
0.291245 0.817438
0.292677 0.816267
0.294110 0.815101
0.295544 0.813940
0.296979 0.812783
0.298416 0.811631
0.299853 0.810482
0.301291 0.809337
0.302730 0.808196
0.304169 0.807058
0.305610 0.805924
0.307050 0.804793
0.308491 0.803666
0.309933 0.802541
0.311374 0.801419
0.312816 0.800300
0.314258 0.799184
0.315700 0.798070
0.317142 0.796959
0.318584 0.795850
0.320026 0.794744
0.321467 0.793640
0.322908 0.792538
0.324349 0.791439
0.325789 0.790341
0.327228 0.789246
0.328667 0.788152
0.330105 0.787061
0.331543 0.785971
0.332979 0.784884
0.334415 0.783798
0.335850 0.782713
0.337283 0.781631
0.338716 0.780550
0.340147 0.779471
0.341577 0.778394
0.343006 0.777318
0.344433 0.776244
0.345859 0.775171
0.347284 0.774100
0.348707 0.773031
0.350128 0.771963
0.351548 0.770897
0.352965 0.769832
0.354381 0.768768
0.355796 0.767707
0.357208 0.766646
0.358618 0.765587
0.360026 0.764530
0.361432 0.763474
0.362836 0.762420
0.364238 0.761367
0.365638 0.760316
0.367035 0.759266
0.368430 0.758218
0.369822 0.757171
0.371212 0.756126
0.372600 0.755082
0.373985 0.754040
0.375367 0.752999
0.376747 0.751960
0.378124 0.750922
0.379498 0.749886
0.380869 0.748852
0.382238 0.747819
0.383603 0.746788
0.384966 0.745759
0.386326 0.744731
0.387682 0.743705
0.389036 0.742680
0.390386 0.741658
0.391734 0.740637
0.393078 0.739617
0.394419 0.738600
0.395756 0.737584
0.397090 0.736570
0.398421 0.735557
0.399749 0.734547
0.401073 0.733538
0.402394 0.732532
0.403711 0.731527
0.405024 0.730524
0.406334 0.729523
0.407641 0.728524
0.408943 0.727526
0.410242 0.726531
0.411538 0.725538
0.412829 0.724547
0.414117 0.723557
0.415401 0.722570
0.416682 0.721585
0.417958 0.720602
0.419231 0.719621
0.420499 0.718642
0.421764 0.717665
0.423024 0.716691
0.424281 0.715718
0.425534 0.714748
0.426782 0.713780
0.428027 0.712814
0.429267 0.711850
0.430504 0.710889
0.431736 0.709930
0.432964 0.708973
0.434188 0.708019
0.435408 0.707067
0.436623 0.706117
0.437834 0.705170
0.439041 0.704225
0.440244 0.703282
0.441443 0.702342
0.442637 0.701404
0.443826 0.700469
0.445012 0.699536
0.446193 0.698605
0.447370 0.697678
0.448542 0.696752
0.449710 0.695829
0.450873 0.694909
0.452032 0.693991
0.453187 0.693076
0.454337 0.692163
0.455483 0.691253
0.456624 0.690346
0.457761 0.689441
0.458893 0.688539
0.460021 0.687639
0.461144 0.686742
0.462263 0.685848
0.463377 0.684957
0.464487 0.684068
0.465592 0.683182
0.466692 0.682299
0.467788 0.681418
0.468880 0.680540
0.469966 0.679665
0.471049 0.678792
0.472126 0.677923
0.473199 0.677056
0.474268 0.676192
0.475332 0.675331
0.476391 0.674472
0.477446 0.673617
0.478496 0.672764
0.479542 0.671914
0.480582 0.671067
0.481619 0.670223
0.482650 0.669381
0.483678 0.668543
0.484700 0.667707
0.485718 0.666875
0.486731 0.666045
0.487740 0.665218
0.488744 0.664394
0.489744 0.663573
0.490739 0.662755
0.491729 0.661939
0.492715 0.661127
0.493696 0.660317
0.494673 0.659511
0.495645 0.658707
0.496612 0.657907
0.497575 0.657109
0.498533 0.656315
0.499487 0.655523
0.500436 0.654734
0.501381 0.653948
0.502321 0.653165
0.503257 0.652386
0.504188 0.651609
0.505114 0.650835
0.506036 0.650064
0.506954 0.649296
0.507867 0.648531
0.508775 0.647769
0.509680 0.647010
0.510579 0.646254
0.511474 0.645501
0.512365 0.644751
0.513251 0.644004
0.514133 0.643260
0.515010 0.642519
0.515883 0.641781
0.516752 0.641045
0.517616 0.640313
0.518476 0.639584
0.519331 0.638858
0.520182 0.638135
0.521029 0.637415
0.521871 0.636698
0.522709 0.635983
0.523543 0.635272
0.524372 0.634564
0.525197 0.633859
0.526018 0.633157
0.526835 0.632457
0.527647 0.631761
0.528455 0.631068
0.529259 0.630377
0.530058 0.629690
0.530854 0.629005
0.531645 0.628324
0.532432 0.627645
0.533215 0.626970
0.533993 0.626297
0.534768 0.625627
0.535538 0.624960
0.536304 0.624297
0.537066 0.623636
0.537825 0.622978
0.538579 0.622323
0.539328 0.621671
0.540074 0.621021
0.540816 0.620375
0.541554 0.619732
0.542288 0.619091
0.543018 0.618453
0.543744 0.617819
0.544466 0.617187
0.545183 0.616558
0.545898 0.615932
0.546608 0.615308
0.547314 0.614688
0.548016 0.614071
0.548715 0.613456
0.549409 0.612844
0.550100 0.612235
0.550787 0.611629
0.551470 0.611026
0.552150 0.610425
0.552825 0.609827
0.553497 0.609232
0.554165 0.608640
0.554830 0.608051
0.555490 0.607464
0.556147 0.606881
0.556801 0.606300
0.557450 0.605721
0.558096 0.605146
0.558739 0.604573
0.559377 0.604003
0.560012 0.603436
0.560644 0.602871
0.561272 0.602309
0.561896 0.601750
0.562517 0.601194
0.563134 0.600640
0.563748 0.600089
0.564359 0.599541
0.564966 0.598995
0.565569 0.598452
0.566169 0.597912
0.566766 0.597374
0.567359 0.596839
0.567948 0.596307
0.568535 0.595777
0.569118 0.595249
0.569698 0.594725
0.570274 0.594203
0.570847 0.593683
0.571417 0.593167
0.571983 0.592652
0.572546 0.592141
0.573106 0.591631
0.573663 0.591125
0.574216 0.590621
0.574767 0.590119
0.575314 0.589620
0.575858 0.589124
0.576398 0.588630
0.576936 0.588138
0.577471 0.587649
0.578002 0.587163
0.578530 0.586678
0.579055 0.586197
0.579578 0.585718
0.580097 0.585241
0.580613 0.584767
0.581126 0.584295
0.581636 0.583825
0.582143 0.583358
0.582647 0.582893
0.583148 0.582431
0.583647 0.581971
0.584142 0.581514
0.584634 0.581058
0.585124 0.580606
0.585611 0.580155
0.586094 0.579707
0.586575 0.579261
0.587054 0.578817
0.587529 0.578376
0.588001 0.577937
0.588471 0.577501
0.588938 0.577066
0.589402 0.576634
0.589864 0.576204
0.590322 0.575777
0.590778 0.575351
0.591232 0.574928
0.591682 0.574507
0.592130 0.574088
0.592576 0.573672
0.593018 0.573258
0.593459 0.572845
0.593896 0.572435
0.594331 0.572028
0.594763 0.571622
0.595193 0.571219
0.595620 0.570817
0.596045 0.570418
0.596467 0.570021
0.596886 0.569626
0.597303 0.569233
0.597718 0.568842
0.598130 0.568453
0.598540 0.568067
0.598947 0.567682
0.599352 0.567299
0.599755 0.566919
0.600155 0.566540
0.600552 0.566164
0.600947 0.565790
0.601340 0.565417
0.601731 0.565047
0.602119 0.564678
0.602505 0.564312
0.602889 0.563947
0.603270 0.563585
0.603649 0.563224
0.604026 0.562866
0.604400 0.562509
0.604773 0.562154
0.605143 0.561801
0.605511 0.561450
0.605876 0.561101
0.606240 0.560754
0.606601 0.560409
0.606960 0.560066
0.607317 0.559724
0.607672 0.559385
0.608025 0.559047
0.608375 0.558711
0.608724 0.558377
0.609070 0.558044
0.609414 0.557714
0.609757 0.557385
0.610097 0.557058
0.610435 0.556733
0.610771 0.556410
0.611105 0.556088
0.611437 0.555768
0.611767 0.555450
0.612095 0.555134
0.612422 0.554819
0.612746 0.554507
0.613068 0.554195
0.613388 0.553886
0.613707 0.553578
0.614023 0.553272
0.614338 0.552968
0.614651 0.552665
0.614961 0.552364
0.615270 0.552065
0.615577 0.551767
0.615883 0.551471
0.616186 0.551177
0.616487 0.550884
0.616787 0.550593
0.617085 0.550303
0.617381 0.550015
0.617676 0.549729
0.617968 0.549444
0.618259 0.549161
0.618548 0.548880
0.618836 0.548600
0.619121 0.548321
0.619405 0.548044
0.619687 0.547769
0.619968 0.547495
0.620247 0.547222
0.620524 0.546952
0.620799 0.546682
0.621073 0.546415
0.621345 0.546148
0.621616 0.545883
0.621885 0.545620
0.622152 0.545358
0.622417 0.545098
0.622682 0.544839
0.622944 0.544581
0.623205 0.544325
0.623464 0.544070
0.623722 0.543817
0.623978 0.543565
0.624233 0.543315
0.624486 0.543066
0.624738 0.542818
0.624988 0.542572
0.625236 0.542327
0.625483 0.542084
0.625729 0.541842
0.625973 0.541601
0.626216 0.541362
0.626457 0.541124
0.626696 0.540887
0.626935 0.540652
0.627172 0.540418
0.627407 0.540185
0.627641 0.539953
0.627874 0.539723
0.628105 0.539494
0.628335 0.539267
0.628563 0.539041
0.628790 0.538816
0.629016 0.538592
0.629240 0.538370
0.629463 0.538148
0.629685 0.537929
0.629905 0.537710
0.630124 0.537492
0.630342 0.537276
0.630558 0.537061
0.630773 0.536847
0.630987 0.536635
0.631199 0.536423
0.631410 0.536213
0.631620 0.536004
0.631829 0.535797
0.632036 0.535590
0.632242 0.535384
0.632447 0.535180
0.632651 0.534977
0.632853 0.534775
0.633054 0.534574
0.633254 0.534375
0.633453 0.534176
0.633651 0.533979
0.633847 0.533782
0.634042 0.533587
0.634237 0.533393
0.634429 0.533200
0.634621 0.533008
0.634812 0.532817
0.635001 0.532628
0.635189 0.532439
0.635377 0.532252
0.635563 0.532065
0.635748 0.531880
0.635931 0.531695
0.636114 0.531512
0.636296 0.531330
0.636476 0.531148
0.636656 0.530968
0.636834 0.530789
0.637011 0.530611
0.637187 0.530434
0.637362 0.530258
0.637537 0.530083
0.637710 0.529909
0.637882 0.529735
0.638053 0.529563
0.638223 0.529392
0.638391 0.529222
0.638559 0.529053
0.638726 0.528885
0.638892 0.528717
0.639057 0.528551
0.639221 0.528386
0.639384 0.528221
0.639546 0.528058
0.639707 0.527895
0.639867 0.527734
0.640026 0.527573
0.640184 0.527413
0.640341 0.527254
0.640497 0.527096
0.640653 0.526939
0.640807 0.526783
0.640960 0.526628
0.641113 0.526474
0.641264 0.526320
0.641415 0.526168
0.641565 0.526016
0.641714 0.525865
0.641862 0.525715
0.642009 0.525566
0.642155 0.525418
0.642300 0.525270
0.642445 0.525124
0.642588 0.524978
0.642731 0.524833
0.642873 0.524689
0.643014 0.524546
0.643154 0.524403
0.643294 0.524262
0.643432 0.524121
0.643570 0.523981
0.643707 0.523842
0.643843 0.523704
0.643978 0.523566
0.644112 0.523429
0.644246 0.523293
0.644379 0.523158
0.644511 0.523024
0.644642 0.522890
0.644772 0.522757
0.644902 0.522625
0.645031 0.522494
0.645159 0.522363
0.645286 0.522233
0.645413 0.522104
0.645539 0.521976
0.645664 0.521848
0.645788 0.521721
0.645912 0.521595
0.646035 0.521470
0.646157 0.521345
0.646278 0.521221
0.646399 0.521098
0.646519 0.520975
0.646638 0.520853
0.646756 0.520732
0.646874 0.520612
0.646991 0.520492
0.647108 0.520373
0.647223 0.520255
0.647338 0.520137
0.647453 0.520020
0.647566 0.519904
0.647679 0.519788
0.647791 0.519673
0.647903 0.519559
0.648014 0.519445
0.648124 0.519332
0.648234 0.519219
0.648343 0.519108
0.648451 0.518997
0.648559 0.518886
0.648666 0.518776
0.648772 0.518667
0.648878 0.518559
0.648983 0.518451
0.649088 0.518344
0.649191 0.518237
0.649295 0.518131
0.649397 0.518025
0.649499 0.517921
0.649601 0.517816
0.649702 0.517713
0.649802 0.517610
0.649901 0.517507
0.650000 0.517406
0.650099 0.517304
0.650197 0.517204
0.650294 0.517104
0.650391 0.517004
0.650487 0.516905
0.650582 0.516807
0.650677 0.516709
0.650772 0.516612
0.650865 0.516515
0.650959 0.516419
0.651051 0.516324
0.651144 0.516229
0.651235 0.516134
0.651326 0.516040
0.651417 0.515947
0.651507 0.515854
0.651596 0.515762
0.651685 0.515670
0.651774 0.515579
0.651861 0.515488
0.651949 0.515398
0.652036 0.515309
0.652122 0.515219
0.652208 0.515131
0.652293 0.515043
0.652378 0.514955
0.652462 0.514868
0.652546 0.514782
0.652629 0.514696
0.652712 0.514610
0.652794 0.514525
0.652876 0.514440
0.652957 0.514356
0.653038 0.514273
0.653118 0.514190
0.653198 0.514107
0.653278 0.514025
0.653357 0.513943
0.653435 0.513862
0.653513 0.513781
0.653591 0.513701
0.653668 0.513621
0.653744 0.513542
0.653820 0.513463
0.653896 0.513385
0.653971 0.513307
0.654046 0.513229
0.654120 0.513152
0.654194 0.513076
0.654268 0.512999
0.654341 0.512924
0.654414 0.512849
0.654486 0.512774
0.654557 0.512699
0.654629 0.512625
0.654700 0.512552
0.654770 0.512479
0.654840 0.512406
0.654910 0.512334
0.654979 0.512262
0.655048 0.512190
0.655116 0.512119
0.655184 0.512049
0.655252 0.511979
0.655319 0.511909
0.655386 0.511839
0.655452 0.511770
0.655518 0.511702
0.655584 0.511634
0.655649 0.511566
0.655714 0.511499
0.655779 0.511432
0.655843 0.511365
0.655906 0.511299
0.655970 0.511233
0.656033 0.511167
0.656095 0.511102
0.656157 0.511038
0.656219 0.510973
0.656281 0.510909
0.656342 0.510846
0.656403 0.510783
0.656463 0.510720
0.656523 0.510657
0.656583 0.510595
0.656642 0.510533
0.656701 0.510472
0.656760 0.510411
0.656818 0.510350
0.656876 0.510290
0.656933 0.510230
0.656991 0.510170
0.657048 0.510111
0.657104 0.510052
0.657160 0.509994
0.657216 0.509935
0.657272 0.509877
0.657327 0.509820
0.657382 0.509763
0.657437 0.509706
0.657491 0.509649
0.657545 0.509593
0.657598 0.509537
0.657652 0.509481
0.657705 0.509426
0.657757 0.509371
0.657810 0.509317
0.657862 0.509262
0.657914 0.509208
0.657965 0.509155
0.658016 0.509101
0.658067 0.509048
0.658118 0.508995
0.658168 0.508943
0.658218 0.508891
0.658267 0.508839
0.658317 0.508787
0.658366 0.508736
0.658415 0.508685
0.658463 0.508635
0.658511 0.508584
0.658559 0.508534
0.658607 0.508484
0.658654 0.508435
0.658701 0.508386
0.658748 0.508337
0.658795 0.508288
0.658841 0.508240
0.658887 0.508192
0.658932 0.508144
0.658978 0.508097
0.659023 0.508049
0.659068 0.508002
0.659113 0.507956
0.659157 0.507909
0.659201 0.507863
0.659245 0.507817
0.659288 0.507772
0.659332 0.507726
0.659375 0.507681
0.659418 0.507637
0.659460 0.507592
0.659503 0.507548
0.659545 0.507504
0.659586 0.507460
0.659628 0.507416
0.659669 0.507373
0.659710 0.507330
0.659751 0.507287
0.659792 0.507245
0.659832 0.507203
0.659872 0.507161
0.659912 0.507119
0.659952 0.507077
0.659991 0.507036
0.660030 0.506995
0.660069 0.506954
0.660108 0.506914
0.660147 0.506873
0.660185 0.506833
0.660223 0.506793
0.660261 0.506754
0.660298 0.506714
0.660336 0.506675
0.660373 0.506636
0.660410 0.506598
0.660446 0.506559
0.660483 0.506521
0.660519 0.506483
0.660555 0.506445
0.660591 0.506407
0.660627 0.506370
0.660662 0.506333
0.660697 0.506296
0.660732 0.506259
0.660767 0.506223
0.660802 0.506186
0.660836 0.506150
0.660870 0.506114
0.660904 0.506079
0.660938 0.506043
0.660972 0.506008
0.661005 0.505973
0.661039 0.505938
0.661072 0.505903
0.661104 0.505869
0.661137 0.505835
0.661169 0.505801
0.661202 0.505767
0.661234 0.505733
0.661266 0.505700
0.661297 0.505666
0.661329 0.505633
0.661360 0.505601
0.661391 0.505568
0.661422 0.505535
0.661453 0.505503
0.661483 0.505471
0.661514 0.505439
0.661544 0.505407
0.661574 0.505376
0.661604 0.505344
0.661634 0.505313
0.661663 0.505282
0.661692 0.505251
0.661722 0.505221
0.661751 0.505190
0.661779 0.505160
0.661808 0.505130
0.661836 0.505100
0.661865 0.505070
0.661893 0.505041
0.661921 0.505011
0.661949 0.504982
0.661976 0.504953
0.662004 0.504924
0.662031 0.504895
0.662058 0.504867
0.662085 0.504838
0.662112 0.504810
0.662139 0.504782
0.662165 0.504754
0.662192 0.504726
0.662218 0.504699
0.662244 0.504671
0.662270 0.504644
0.662296 0.504617
0.662321 0.504590
0.662347 0.504563
0.662372 0.504537
0.662397 0.504510
0.662422 0.504484
0.662447 0.504458
0.662472 0.504432
0.662497 0.504406
0.662521 0.504380
0.662545 0.504354
0.662569 0.504329
0.662593 0.504304
0.662617 0.504279
0.662641 0.504254
0.662665 0.504229
0.662688 0.504204
0.662711 0.504180
0.662735 0.504155
0.662758 0.504131
0.662780 0.504107
0.662803 0.504083
0.662826 0.504059
0.662848 0.504035
0.662871 0.504012
0.662893 0.503988
0.662915 0.503965
0.662937 0.503942
0.662959 0.503919
0.662981 0.503896
0.663002 0.503873
0.663024 0.503851
0.663045 0.503828
0.663066 0.503806
0.663087 0.503784
0.663108 0.503762
0.663129 0.503740
0.663150 0.503718
0.663170 0.503696
0.663191 0.503675
0.663211 0.503653
0.663231 0.503632
0.663252 0.503611
0.663272 0.503590
0.663291 0.503569
0.663311 0.503548
0.663331 0.503527
0.663350 0.503506
0.663370 0.503486
0.663389 0.503466
0.663408 0.503445
0.663427 0.503425
0.663446 0.503405
0.663465 0.503385
0.663484 0.503366
0.663503 0.503346
0.663521 0.503326
0.663540 0.503307
0.663558 0.503288
0.663576 0.503269
0.663594 0.503249
0.663612 0.503231
0.663630 0.503212
0.663648 0.503193
0.663665 0.503174
0.663683 0.503156
0.663700 0.503137
0.663718 0.503119
0.663735 0.503101
0.663752 0.503083
0.663769 0.503065
0.663786 0.503047
0.663803 0.503029
0.663820 0.503011
0.663837 0.502994
0.663853 0.502976
0.663870 0.502959
0.663886 0.502942
0.663902 0.502924
0.663918 0.502907
0.663935 0.502890
0.663951 0.502874
0.663966 0.502857
0.663982 0.502840
0.663998 0.502824
0.664014 0.502807
0.664029 0.502791
0.664045 0.502774
0.664060 0.502758
0.664075 0.502742
0.664090 0.502726
0.664105 0.502710
0.664120 0.502694
0.664135 0.502679
0.664150 0.502663
0.664165 0.502647
0.664179 0.502632
0.664194 0.502617
0.664208 0.502601
0.664223 0.502586
0.664237 0.502571
0.664251 0.502556
0.664265 0.502541
0.664280 0.502526
0.664294 0.502511
0.664307 0.502497
0.664321 0.502482
0.664335 0.502468
0.664349 0.502453
0.664362 0.502439
0.664376 0.502425
0.664389 0.502411
0.664402 0.502397
0.664416 0.502383
0.664429 0.502369
0.664442 0.502355
0.664455 0.502341
0.664468 0.502327
0.664481 0.502314
0.664493 0.502300
0.664506 0.502287
0.664519 0.502274
0.664531 0.502260
0.664544 0.502247
0.664556 0.502234
0.664569 0.502221
0.664581 0.502208
0.664593 0.502195
0.664605 0.502182
0.664617 0.502169
0.664629 0.502157
0.664641 0.502144
0.664653 0.502132
0.664665 0.502119
0.664677 0.502107
0.664688 0.502095
0.664700 0.502082
0.664711 0.502070
0.664723 0.502058
0.664734 0.502046
0.664745 0.502034
0.664757 0.502022
0.664768 0.502010
0.664779 0.501999
0.664790 0.501987
0.664801 0.501975
0.664812 0.501964
0.664823 0.501952
0.664833 0.501941
0.664844 0.501930
