0.000000 2.000000
0.010000 1.902459
0.020000 1.809675
0.030000 1.721416
0.040000 1.637462
0.050000 1.557602
0.060000 1.481636
0.070000 1.409376
0.080000 1.340640
0.090000 1.275256
0.100000 1.213061
0.110000 1.153900
0.120000 1.097623
0.130000 1.044092
0.140000 0.993171
0.150000 0.944733
0.160000 0.898658
0.170000 0.854830
0.180000 0.813139
0.190000 0.773482
0.200000 0.735759
0.210000 0.699876
0.220000 0.665742
0.230000 0.633274
0.240000 0.602388
0.250000 0.573010
0.260000 0.545064
0.270000 0.518481
0.280000 0.493194
0.290000 0.469141
0.300000 0.446260
0.310000 0.424496
0.320000 0.403793
0.330000 0.384100
0.340000 0.365367
0.350000 0.347548
0.360000 0.330598
0.370000 0.314474
0.380000 0.299137
0.390000 0.284548
0.400000 0.270671
0.410000 0.257470
0.420000 0.244913
0.430000 0.232968
0.440000 0.221606
0.450000 0.210798
0.460000 0.200518
0.470000 0.190738
0.480000 0.181436
0.490000 0.172587
0.500000 0.164170
0.510000 0.156163
0.520000 0.148547
0.530000 0.141302
0.540000 0.134411
0.550000 0.127856
0.560000 0.121620
0.570000 0.115689
0.580000 0.110046
0.590000 0.104679
0.600000 0.099574
0.610000 0.094718
0.620000 0.090098
0.630000 0.085704
0.640000 0.081524
0.650000 0.077548
0.660000 0.073766
0.670000 0.070169
0.680000 0.066747
0.690000 0.063491
0.700000 0.060395
0.710000 0.057449
0.720000 0.054647
0.730000 0.051982
0.740000 0.049447
0.750000 0.047036
0.760000 0.044742
0.770000 0.042559
0.780000 0.040484
0.790000 0.038509
0.800000 0.036631
0.810000 0.034845
0.820000 0.033145
0.830000 0.031529
0.840000 0.029991
0.850000 0.028528
0.860000 0.027137
0.870000 0.025814
0.880000 0.024555
0.890000 0.023357
0.900000 0.022218
0.910000 0.021134
0.920000 0.020104
0.930000 0.019123
0.940000 0.018191
0.950000 0.017303
0.960000 0.016459
0.970000 0.015657
0.980000 0.014893
0.990000 0.014167
