0.000000 0.064698
0.017857 0.013501
0.035714 0.035861
0.053571 0.023909
0.071429 0.032444
0.089286 0.018117
0.107143 0.030477
0.125000 0.016803
0.142857 0.017972
0.160714 0.021318
0.178571 0.006806
0.196429 0.010551
0.214286 0.015457
0.232143 -0.013922
0.250000 0.022083
0.267857 -0.028513
0.285714 0.022070
0.303571 -0.040164
0.321429 0.011505
0.339286 -0.025707
0.357143 -0.026420
0.375000 -0.001088
0.392857 -0.047103
0.410714 -0.003550
0.428571 -0.044995
0.446429 -0.014100
0.464286 -0.039097
0.482143 -0.022791
0.500000 -0.037045
0.517857 -0.018529
0.535714 -0.044756
0.553571 -0.013062
0.571429 -0.033980
0.589286 -0.031394
0.607143 -0.003030
0.625000 -0.057745
0.642857 0.041688
0.660714 -0.108661
0.678571 0.111538
0.696429 -0.149527
0.714286 0.120736
0.732143 -0.092300
0.750000 0.034403
0.767857 0.028395
0.785714 -0.073126
0.803571 0.129442
0.821429 -0.121324
0.839286 0.135974
0.857143 -0.065503
0.875000 0.062203
0.892857 0.019601
0.910714 0.003291
0.928571 0.062893
0.946429 -0.011388
0.964286 0.063893
0.982143 0.005776
1.000000 0.040593
