0.000000 0.994101
0.017857 0.987850
0.035714 0.969177
0.053571 0.938315
0.071429 0.895654
0.089286 0.841729
0.107143 0.777219
0.125000 0.702935
0.142857 0.619812
0.160714 0.528893
0.178571 0.431324
0.196429 0.328331
0.214286 0.221208
0.232143 0.111304
0.250000 0.000000
0.267857 -0.111304
0.285714 -0.221208
0.303571 -0.328331
0.321429 -0.431324
0.339286 -0.528893
0.357143 -0.619812
0.375000 -0.702935
0.392857 -0.777219
0.410714 -0.841729
0.428571 -0.895654
0.446429 -0.938315
0.464286 -0.969177
0.482143 -0.987850
0.500000 -0.994101
0.517857 -0.987850
0.535714 -0.969177
0.553571 -0.938315
0.571429 -0.895654
0.589286 -0.841729
0.607143 -0.777219
0.625000 -0.702935
0.642857 -0.619812
0.660714 -0.528893
0.678571 -0.431324
0.696429 -0.328331
0.714286 -0.221208
0.732143 -0.111304
0.750000 -0.000000
0.767857 0.111304
0.785714 0.221208
0.803571 0.328331
0.821429 0.431324
0.839286 0.528893
0.857143 0.619812
0.875000 0.702935
0.892857 0.777219
0.910714 0.841729
0.928571 0.895654
0.946429 0.938315
0.964286 0.969177
0.982143 0.987850
1.000000 0.994101
