0.000000 0.999606
0.017857 0.993320
0.035714 0.974543
0.053571 0.943511
0.071429 0.900614
0.089286 0.846390
0.107143 0.781523
0.125000 0.706828
0.142857 0.623244
0.160714 0.531822
0.178571 0.433713
0.196429 0.330149
0.214286 0.222433
0.232143 0.111920
0.250000 0.000000
0.267857 -0.111920
0.285714 -0.222433
0.303571 -0.330149
0.321429 -0.433713
0.339286 -0.531822
0.357143 -0.623244
0.375000 -0.706828
0.392857 -0.781523
0.410714 -0.846390
0.428571 -0.900614
0.446429 -0.943511
0.464286 -0.974543
0.482143 -0.993320
0.500000 -0.999606
0.517857 -0.993320
0.535714 -0.974543
0.553571 -0.943511
0.571429 -0.900614
0.589286 -0.846390
0.607143 -0.781523
0.625000 -0.706828
0.642857 -0.623244
0.660714 -0.531822
0.678571 -0.433713
0.696429 -0.330149
0.714286 -0.222433
0.732143 -0.111920
0.750000 -0.000000
0.767857 0.111920
0.785714 0.222433
0.803571 0.330149
0.821429 0.433713
0.839286 0.531822
0.857143 0.623244
0.875000 0.706828
0.892857 0.781523
0.910714 0.846390
0.928571 0.900614
0.946429 0.943511
0.964286 0.974543
0.982143 0.993320
1.000000 0.999606
