0.000000 0.673579
0.017857 0.669344
0.035714 0.656691
0.053571 0.635780
0.071429 0.606874
0.089286 0.570336
0.107143 0.526625
0.125000 0.476292
0.142857 0.419970
0.160714 0.358366
0.178571 0.292255
0.196429 0.222469
0.214286 0.149885
0.232143 0.075417
0.250000 0.000000
0.267857 -0.075417
0.285714 -0.149885
0.303571 -0.222469
0.321429 -0.292255
0.339286 -0.358366
0.357143 -0.419970
0.375000 -0.476292
0.392857 -0.526625
0.410714 -0.570336
0.428571 -0.606874
0.446429 -0.635780
0.464286 -0.656691
0.482143 -0.669344
0.500000 -0.673579
0.517857 -0.669344
0.535714 -0.656691
0.553571 -0.635780
0.571429 -0.606874
0.589286 -0.570336
0.607143 -0.526625
0.625000 -0.476292
0.642857 -0.419970
0.660714 -0.358366
0.678571 -0.292255
0.696429 -0.222469
0.714286 -0.149885
0.732143 -0.075417
0.750000 -0.000000
0.767857 0.075417
0.785714 0.149885
0.803571 0.222469
0.821429 0.292255
0.839286 0.358366
0.857143 0.419970
0.875000 0.476292
0.892857 0.526625
0.910714 0.570336
0.928571 0.606874
0.946429 0.635780
0.964286 0.656691
0.982143 0.669344
1.000000 0.673579
