0.000000 0.820719
0.017857 0.815558
0.035714 0.800142
0.053571 0.774663
0.071429 0.739442
0.089286 0.694922
0.107143 0.641664
0.125000 0.580336
0.142857 0.511710
0.160714 0.436649
0.178571 0.356096
0.196429 0.271066
0.214286 0.182627
0.232143 0.091891
0.250000 0.000000
0.267857 -0.091891
0.285714 -0.182627
0.303571 -0.271066
0.321429 -0.356096
0.339286 -0.436649
0.357143 -0.511710
0.375000 -0.580336
0.392857 -0.641664
0.410714 -0.694922
0.428571 -0.739442
0.446429 -0.774663
0.464286 -0.800142
0.482143 -0.815558
0.500000 -0.820719
0.517857 -0.815558
0.535714 -0.800142
0.553571 -0.774663
0.571429 -0.739442
0.589286 -0.694922
0.607143 -0.641664
0.625000 -0.580336
0.642857 -0.511710
0.660714 -0.436649
0.678571 -0.356096
0.696429 -0.271066
0.714286 -0.182627
0.732143 -0.091891
0.750000 -0.000000
0.767857 0.091891
0.785714 0.182627
0.803571 0.271066
0.821429 0.356096
0.839286 0.436649
0.857143 0.511710
0.875000 0.580336
0.892857 0.641664
0.910714 0.694922
0.928571 0.739442
0.946429 0.774663
0.964286 0.800142
0.982143 0.815558
1.000000 0.820719
