0.000000 0.004633
0.017857 0.004373
0.035714 0.003622
0.053571 0.002465
0.071429 0.001031
0.089286 -0.000519
0.107143 -0.002010
0.125000 -0.003276
0.142857 -0.004174
0.160714 -0.004604
0.178571 -0.004517
0.196429 -0.003923
0.214286 -0.002888
0.232143 -0.001530
0.250000 -0.000000
0.267857 0.001530
0.285714 0.002888
0.303571 0.003923
0.321429 0.004517
0.339286 0.004604
0.357143 0.004174
0.375000 0.003276
0.392857 0.002010
0.410714 0.000519
0.428571 -0.001031
0.446429 -0.002465
0.464286 -0.003622
0.482143 -0.004373
0.500000 -0.004633
0.517857 -0.004373
0.535714 -0.003622
0.553571 -0.002465
0.571429 -0.001031
0.589286 0.000519
0.607143 0.002010
0.625000 0.003276
0.642857 0.004174
0.660714 0.004604
0.678571 0.004517
0.696429 0.003923
0.714286 0.002888
0.732143 0.001530
0.750000 0.000000
0.767857 -0.001530
0.785714 -0.002888
0.803571 -0.003923
0.821429 -0.004517
0.839286 -0.004604
0.857143 -0.004174
0.875000 -0.003276
0.892857 -0.002010
0.910714 -0.000519
0.928571 0.001031
0.946429 0.002465
0.964286 0.003622
0.982143 0.004373
1.000000 0.004633
