0.000000 0.166704
0.017857 0.157349
0.035714 0.130335
0.053571 0.088692
0.071429 0.037095
0.089286 -0.018665
0.107143 -0.072330
0.125000 -0.117878
0.142857 -0.150195
0.160714 -0.165656
0.178571 -0.162524
0.196429 -0.141152
0.214286 -0.103938
0.232143 -0.055059
0.250000 -0.000000
0.267857 0.055059
0.285714 0.103938
0.303571 0.141152
0.321429 0.162524
0.339286 0.165656
0.357143 0.150195
0.375000 0.117878
0.392857 0.072330
0.410714 0.018665
0.428571 -0.037095
0.446429 -0.088692
0.464286 -0.130335
0.482143 -0.157349
0.500000 -0.166704
0.517857 -0.157349
0.535714 -0.130335
0.553571 -0.088692
0.571429 -0.037095
0.589286 0.018665
0.607143 0.072330
0.625000 0.117878
0.642857 0.150195
0.660714 0.165656
0.678571 0.162524
0.696429 0.141152
0.714286 0.103938
0.732143 0.055059
0.750000 0.000000
0.767857 -0.055059
0.785714 -0.103938
0.803571 -0.141152
0.821429 -0.162524
0.839286 -0.165656
0.857143 -0.150195
0.875000 -0.117878
0.892857 -0.072330
0.910714 -0.018665
0.928571 0.037095
0.946429 0.088692
0.964286 0.130335
0.982143 0.157349
1.000000 0.166704
