0.000000 0.081479
0.017857 0.080964
0.035714 0.079435
0.053571 0.076905
0.071429 0.073409
0.089286 0.068988
0.107143 0.063702
0.125000 0.057613
0.142857 0.050800
0.160714 0.043349
0.178571 0.035351
0.196429 0.026910
0.214286 0.018131
0.232143 0.009121
0.250000 0.000001
0.267857 -0.009124
0.285714 -0.018129
0.303571 -0.026912
0.321429 -0.035350
0.339286 -0.043349
0.357143 -0.050801
0.375000 -0.057611
0.392857 -0.063703
0.410714 -0.068987
0.428571 -0.073410
0.446429 -0.076904
0.464286 -0.079435
0.482143 -0.080965
0.500000 -0.081477
0.517857 -0.080964
0.535714 -0.079436
0.553571 -0.076904
0.571429 -0.073409
0.589286 -0.068989
0.607143 -0.063700
0.625000 -0.057615
0.642857 -0.050797
0.660714 -0.043354
0.678571 -0.035343
0.696429 -0.026920
0.714286 -0.018121
0.732143 -0.009129
0.750000 0.000002
0.767857 0.009124
0.785714 0.018125
0.803571 0.026919
0.821429 0.035342
0.839286 0.043357
0.857143 0.050795
0.875000 0.057615
0.892857 0.063702
0.910714 0.068987
0.928571 0.073411
0.946429 0.076902
0.964286 0.079437
0.982143 0.080963
1.000000 0.081478
