0.000000 0.000772
0.017857 0.000729
0.035714 0.000604
0.053571 0.000411
0.071429 0.000172
0.089286 -0.000086
0.107143 -0.000335
0.125000 -0.000546
0.142857 -0.000696
0.160714 -0.000767
0.178571 -0.000753
0.196429 -0.000654
0.214286 -0.000482
0.232143 -0.000255
0.250000 -0.000000
0.267857 0.000255
0.285714 0.000482
0.303571 0.000654
0.321429 0.000753
0.339286 0.000767
0.357143 0.000696
0.375000 0.000546
0.392857 0.000335
0.410714 0.000086
0.428571 -0.000172
0.446429 -0.000411
0.464286 -0.000604
0.482143 -0.000729
0.500000 -0.000772
0.517857 -0.000729
0.535714 -0.000604
0.553571 -0.000411
0.571429 -0.000172
0.589286 0.000086
0.607143 0.000335
0.625000 0.000546
0.642857 0.000696
0.660714 0.000767
0.678571 0.000753
0.696429 0.000654
0.714286 0.000482
0.732143 0.000255
0.750000 0.000000
0.767857 -0.000255
0.785714 -0.000482
0.803571 -0.000654
0.821429 -0.000753
0.839286 -0.000767
0.857143 -0.000696
0.875000 -0.000546
0.892857 -0.000335
0.910714 -0.000086
0.928571 0.000172
0.946429 0.000411
0.964286 0.000604
0.982143 0.000729
1.000000 0.000772
