0.000000 0.552819
0.017857 0.549343
0.035714 0.538959
0.053571 0.521797
0.071429 0.498073
0.089286 0.468085
0.107143 0.432211
0.125000 0.390902
0.142857 0.344677
0.160714 0.294117
0.178571 0.239859
0.196429 0.182585
0.214286 0.123014
0.232143 0.061896
0.250000 -0.000000
0.267857 -0.061896
0.285714 -0.123014
0.303571 -0.182585
0.321429 -0.239859
0.339286 -0.294117
0.357143 -0.344677
0.375000 -0.390902
0.392857 -0.432211
0.410714 -0.468085
0.428571 -0.498073
0.446429 -0.521797
0.464286 -0.538959
0.482143 -0.549343
0.500000 -0.552819
0.517857 -0.549343
0.535714 -0.538959
0.553571 -0.521797
0.571429 -0.498073
0.589286 -0.468085
0.607143 -0.432211
0.625000 -0.390902
0.642857 -0.344677
0.660714 -0.294117
0.678571 -0.239859
0.696429 -0.182585
0.714286 -0.123014
0.732143 -0.061896
0.750000 -0.000000
0.767857 0.061896
0.785714 0.123014
0.803571 0.182585
0.821429 0.239859
0.839286 0.294117
0.857143 0.344677
0.875000 0.390902
0.892857 0.432211
0.910714 0.468085
0.928571 0.498073
0.946429 0.521797
0.964286 0.538959
0.982143 0.549343
1.000000 0.552819
