0.000000 0.027790
0.017857 0.026231
0.035714 0.021727
0.053571 0.014785
0.071429 0.006184
0.089286 -0.003112
0.107143 -0.012058
0.125000 -0.019651
0.142857 -0.025038
0.160714 -0.027616
0.178571 -0.027094
0.196429 -0.023531
0.214286 -0.017327
0.232143 -0.009179
0.250000 0.000000
0.267857 0.009179
0.285714 0.017327
0.303571 0.023531
0.321429 0.027094
0.339286 0.027616
0.357143 0.025038
0.375000 0.019651
0.392857 0.012058
0.410714 0.003112
0.428571 -0.006184
0.446429 -0.014785
0.464286 -0.021727
0.482143 -0.026231
0.500000 -0.027790
0.517857 -0.026231
0.535714 -0.021727
0.553571 -0.014785
0.571429 -0.006184
0.589286 0.003112
0.607143 0.012058
0.625000 0.019651
0.642857 0.025038
0.660714 0.027616
0.678571 0.027094
0.696429 0.023531
0.714286 0.017327
0.732143 0.009179
0.750000 0.000000
0.767857 -0.009179
0.785714 -0.017327
0.803571 -0.023531
0.821429 -0.027094
0.839286 -0.027616
0.857143 -0.025038
0.875000 -0.019651
0.892857 -0.012058
0.910714 -0.003112
0.928571 0.006184
0.946429 0.014785
0.964286 0.021727
0.982143 0.026231
1.000000 0.027790
