0.000000 0.453708
0.017857 0.450856
0.035714 0.442333
0.053571 0.428248
0.071429 0.408777
0.089286 0.384166
0.107143 0.354724
0.125000 0.320821
0.142857 0.282883
0.160714 0.241388
0.178571 0.196857
0.196429 0.149851
0.214286 0.100960
0.232143 0.050799
0.250000 -0.000000
0.267857 -0.050799
0.285714 -0.100960
0.303571 -0.149851
0.321429 -0.196857
0.339286 -0.241388
0.357143 -0.282883
0.375000 -0.320821
0.392857 -0.354724
0.410714 -0.384166
0.428571 -0.408777
0.446429 -0.428248
0.464286 -0.442333
0.482143 -0.450856
0.500000 -0.453709
0.517857 -0.450856
0.535714 -0.442333
0.553571 -0.428248
0.571429 -0.408777
0.589286 -0.384166
0.607143 -0.354724
0.625000 -0.320821
0.642857 -0.282883
0.660714 -0.241388
0.678571 -0.196857
0.696429 -0.149851
0.714286 -0.100960
0.732143 -0.050799
0.750000 -0.000000
0.767857 0.050799
0.785714 0.100960
0.803571 0.149851
0.821429 0.196857
0.839286 0.241388
0.857143 0.282883
0.875000 0.320821
0.892857 0.354724
0.910714 0.384166
0.928571 0.408777
0.946429 0.428248
0.964286 0.442333
0.982143 0.450856
1.000000 0.453709
