0.000000 0.222137
0.017857 0.220741
0.035714 0.216568
0.053571 0.209672
0.071429 0.200139
0.089286 0.188089
0.107143 0.173674
0.125000 0.157075
0.142857 0.138500
0.160714 0.118184
0.178571 0.096382
0.196429 0.073367
0.214286 0.049430
0.232143 0.024871
0.250000 0.000000
0.267857 -0.024871
0.285714 -0.049430
0.303571 -0.073367
0.321429 -0.096382
0.339286 -0.118184
0.357143 -0.138500
0.375000 -0.157075
0.392857 -0.173674
0.410714 -0.188089
0.428571 -0.200139
0.446429 -0.209672
0.464286 -0.216568
0.482143 -0.220741
0.500000 -0.222137
0.517857 -0.220741
0.535714 -0.216568
0.553571 -0.209672
0.571429 -0.200139
0.589286 -0.188089
0.607143 -0.173674
0.625000 -0.157075
0.642857 -0.138500
0.660714 -0.118184
0.678571 -0.096382
0.696429 -0.073367
0.714286 -0.049430
0.732143 -0.024872
0.750000 0.000000
0.767857 0.024871
0.785714 0.049430
0.803571 0.073367
0.821429 0.096382
0.839286 0.118184
0.857143 0.138500
0.875000 0.157075
0.892857 0.173674
0.910714 0.188089
0.928571 0.200139
0.946429 0.209672
0.964286 0.216568
0.982143 0.220741
1.000000 0.222137
