0.000000 0.964804
0.017857 0.910662
0.035714 0.754314
0.053571 0.513306
0.071429 0.214689
0.089286 -0.108024
0.107143 -0.418613
0.125000 -0.682219
0.142857 -0.869258
0.160714 -0.958737
0.178571 -0.940614
0.196429 -0.816923
0.214286 -0.601545
0.232143 -0.318654
0.250000 -0.000000
0.267857 0.318654
0.285714 0.601545
0.303571 0.816923
0.321429 0.940614
0.339286 0.958737
0.357143 0.869258
0.375000 0.682219
0.392857 0.418613
0.410714 0.108024
0.428571 -0.214689
0.446429 -0.513306
0.464286 -0.754314
0.482143 -0.910662
0.500000 -0.964804
0.517857 -0.910662
0.535714 -0.754314
0.553571 -0.513306
0.571429 -0.214689
0.589286 0.108024
0.607143 0.418613
0.625000 0.682219
0.642857 0.869258
0.660714 0.958737
0.678571 0.940614
0.696429 0.816923
0.714286 0.601545
0.732143 0.318654
0.750000 0.000000
0.767857 -0.318654
0.785714 -0.601545
0.803571 -0.816923
0.821429 -0.940614
0.839286 -0.958737
0.857143 -0.869258
0.875000 -0.682219
0.892857 -0.418613
0.910714 -0.108024
0.928571 0.214689
0.946429 0.513306
0.964286 0.754314
0.982143 0.910662
1.000000 0.964804
