0 50
1 50
2 50
3 50
4 50
5 50
6 50
7 50
8 50
9 50
10 50
11 50
12 50
13 50
14 50
15 50
16 50
17 50
18 50
19 51
20 52
21 53
22 54
23 55
24 57
25 58
26 59
27 60
28 61
29 62
30 63
31 64
32 65
33 66
34 67
35 68
36 69
37 70
38 71
39 72
40 73
41 75
42 76
43 77
44 78
45 79
46 80
47 81
48 82
49 83
50 84
51 85
52 86
53 87
54 88
55 89
56 90
57 91
58 92
59 93
60 94
61 95
62 96
63 97
64 98
65 99
66 100
67 101
68 102
69 103
70 104
71 105
72 106
73 107
74 108
75 109
76 110
77 111
78 112
79 113
80 114
81 115
82 116
83 117
84 118
85 119
86 120
87 121
88 122
89 123
90 124
91 125
92 126
93 127
94 128
95 129
96 130
97 131
98 132
99 133
100 134
101 135
102 136
103 137
104 138
105 139
106 140
107 141
108 142
109 143
110 144
111 145
112 146
113 147
114 148
115 149
116 150
117 151
118 152
119 153
120 154
121 155
122 156
123 157
124 158
125 159
126 160
127 161
128 162
129 163
130 164
131 165
132 167
133 168
134 169
135 170
136 171
137 172
138 173
139 174
140 175
141 176
142 177
143 178
144 179
145 180
146 181
147 182
148 183
149 184
150 185
151 186
152 187
153 188
154 189
155 190
156 191
157 193
158 194
159 195
160 196
161 197
162 198
163 199
164 200
165 201
166 202
167 203
168 204
169 205
170 206
171 207
172 208
173 209
174 210
175 211
176 212
177 213
178 214
179 215
180 216
181 217
182 218
183 219
184 220
185 221
186 222
187 223
188 224
189 225
190 226
191 227
192 228
193 229
194 230
195 231
196 232
197 233
198 234
199 235
200 237
201 238
202 239
203 240
204 241
205 242
206 243
207 244
208 245
209 246
210 247
211 248
212 249
213 250
214 251
215 252
216 253
217 254
218 255
219 256
220 257
221 258
222 259
223 260
224 261
225 262
226 263
227 264
228 265
229 266
230 267
231 268
232 269
233 270
234 271
235 272
236 273
237 274
238 275
239 276
240 277
241 278
242 279
243 280
244 281
245 282
246 283
247 284
248 285
249 286
250 288
251 289
252 290
253 291
254 292
255 293
256 294
257 295
258 296
259 297
260 298
261 299
262 300
263 301
264 302
265 303
266 304
267 305
268 306
269 307
270 308
271 309
272 310
273 311
274 312
275 313
276 314
277 315
278 316
279 317
280 318
281 319
282 320
283 321
284 322
285 323
286 324
287 325
288 326
289 327
290 328
291 329
292 330
293 331
294 332
295 333
296 334
297 335
298 336
299 337
