0 100
1 100
2 100
3 100
4 100
5 100
6 100
7 100
8 100
9 100
10 101
11 102
12 103
13 104
14 105
15 106
16 107
17 108
18 109
19 110
20 111
21 112
22 113
23 114
24 115
25 116
26 117
27 118
28 119
29 120
30 121
31 122
32 123
33 124
34 125
35 126
36 127
37 128
38 129
39 130
40 131
41 132
42 133
43 134
44 135
45 136
46 137
47 138
48 139
49 140
50 141
51 142
52 143
53 144
54 145
55 146
56 147
57 148
58 149
59 151
60 152
61 153
62 154
63 155
64 156
65 157
66 158
67 159
68 160
69 161
70 162
71 163
72 164
73 165
74 166
75 167
76 168
77 170
78 171
79 172
80 173
81 174
82 175
83 176
84 177
85 178
86 179
87 180
88 181
89 182
90 183
91 184
92 185
93 186
94 187
95 188
96 189
97 190
98 191
99 192
100 193
101 194
102 195
103 197
104 198
105 199
106 200
107 201
108 202
109 203
110 204
111 205
112 206
113 207
114 208
115 209
116 210
117 211
118 212
119 213
120 214
121 215
122 216
123 217
124 218
125 219
126 220
127 221
128 222
129 223
130 224
131 225
132 226
133 227
134 228
135 229
136 231
137 232
138 233
139 234
140 235
141 236
142 237
143 238
144 239
145 240
146 241
147 242
148 243
149 244
150 245
151 246
152 247
153 248
154 249
155 250
156 251
157 252
158 253
159 254
160 255
161 257
162 258
163 259
164 260
165 261
166 262
167 263
168 264
169 265
170 266
171 267
172 268
173 269
174 270
175 271
176 272
177 273
178 274
179 275
180 276
181 277
182 278
183 279
184 280
185 281
186 282
187 283
188 284
189 285
190 286
191 288
192 289
193 290
194 291
195 292
196 293
197 294
198 295
199 296
200 297
201 298
202 299
203 300
204 301
205 302
206 303
207 304
208 305
209 306
210 307
211 308
212 309
213 310
214 311
215 312
216 313
217 314
218 315
219 316
220 317
221 318
222 319
223 320
224 321
225 322
226 323
227 324
228 325
229 326
230 327
231 327
232 327
233 327
234 327
235 327
236 327
237 327
238 327
239 327
240 327
241 327
242 327
243 327
244 327
245 327
246 327
247 327
248 327
249 327
250 327
251 327
252 327
253 327
254 327
255 327
256 327
257 327
258 327
259 327
260 327
261 327
262 327
263 327
264 327
265 327
266 327
267 327
268 327
269 327
270 327
271 327
272 327
273 327
274 327
275 327
276 327
277 327
278 327
279 327
280 327
281 327
282 327
283 327
284 327
285 327
286 327
287 327
288 327
289 327
290 327
291 327
292 327
293 327
294 327
295 327
296 327
297 327
298 327
299 327
300 327
301 327
302 327
303 327
304 327
305 327
306 327
307 327
308 327
309 327
310 327
311 327
312 327
313 327
314 327
315 327
316 327
317 327
318 327
319 327
320 327
321 327
322 327
323 327
324 327
325 327
326 327
327 327
328 327
329 327
330 327
331 327
332 327
333 327
334 327
335 327
336 327
337 327
338 327
339 327
340 327
341 327
342 327
343 327
344 327
345 327
346 327
347 327
348 327
349 327
350 327
351 327
352 327
353 327
354 327
355 327
356 327
357 327
358 327
359 327
360 327
361 327
362 327
363 327
364 327
365 327
366 327
367 327
368 327
369 327
370 327
371 327
372 327
373 327
374 327
375 327
376 327
377 327
378 327
379 327
380 327
381 327
382 327
383 327
384 327
385 327
386 327
387 327
388 327
389 327
390 327
391 327
392 327
393 327
394 327
395 327
396 327
397 327
398 327
399 327
400 327
401 327
402 327
403 327
404 327
405 327
406 327
407 327
408 327
409 327
410 327
411 327
412 327
413 327
414 327
415 327
416 327
417 327
418 327
419 327
420 327
421 327
422 327
423 327
424 327
425 327
426 327
427 327
428 327
429 327
430 327
431 327
432 327
433 327
434 327
435 327
436 327
437 327
438 327
439 327
440 327
441 327
442 327
443 327
444 327
445 327
446 327
447 327
448 327
449 327
450 327
451 327
452 327
453 327
454 327
455 327
456 327
457 327
458 327
459 327
460 327
461 327
462 327
463 327
464 327
465 327
466 327
467 327
468 327
469 327
470 327
471 327
472 327
473 327
474 327
475 327
476 327
477 327
478 327
479 327
480 327
481 327
482 327
483 327
484 327
485 327
486 327
487 327
488 327
489 327
490 327
491 327
492 327
493 327
494 327
495 327
496 327
497 327
498 327
499 327
500 327
501 327
502 327
503 327
504 327
505 327
506 327
507 327
508 327
509 327
510 327
511 327
512 327
513 327
514 327
515 327
516 327
517 327
518 327
519 327
520 327
521 327
522 327
523 327
524 327
525 327
526 327
527 327
528 327
529 327
530 327
531 327
532 327
533 327
534 327
535 327
536 327
537 327
538 327
539 327
540 327
541 327
542 327
543 327
544 327
545 327
546 327
547 327
548 327
549 327
550 327
551 327
552 327
553 327
554 327
555 327
556 327
557 327
558 327
559 327
560 327
561 327
562 327
563 327
564 327
565 327
566 327
567 327
568 327
569 327
570 327
571 327
572 327
573 327
574 327
575 327
576 327
577 327
578 327
579 327
580 327
581 327
582 327
583 327
584 327
585 327
586 327
587 327
588 327
589 327
590 327
591 327
592 327
593 327
594 327
595 327
596 327
597 327
598 327
599 327
