0.000000 0.008358
0.012500 0.008960
0.025000 0.008685
0.037500 0.007560
0.050000 0.005695
0.062500 0.003272
0.075000 0.000529
0.087500 -0.002265
0.100000 -0.004838
0.112500 -0.006938
0.125000 -0.008358
0.137500 -0.008960
0.150000 -0.008685
0.162500 -0.007560
0.175000 -0.005695
0.187500 -0.003272
0.200000 -0.000529
0.212500 0.002265
0.225000 0.004838
0.237500 0.006938
0.250000 0.008358
0.262500 0.008960
0.275000 0.008685
0.287500 0.007560
0.300000 0.005695
0.312500 0.003272
0.325000 0.000529
0.337500 -0.002265
0.350000 -0.004838
0.362500 -0.006938
0.375000 -0.008358
0.387500 -0.008960
0.400000 -0.008685
0.412500 -0.007560
0.425000 -0.005695
0.437500 -0.003272
0.450000 -0.000529
0.462500 0.002265
0.475000 0.004838
0.487500 0.006938
0.500000 0.008358
0.512500 0.008960
0.525000 0.008685
0.537500 0.007560
0.550000 0.005695
0.562500 0.003272
0.575000 0.000529
0.587500 -0.002265
0.600000 -0.004838
0.612500 -0.006938
0.625000 -0.008358
0.637500 -0.008960
0.650000 -0.008685
0.662500 -0.007560
0.675000 -0.005695
0.687500 -0.003272
0.700000 -0.000529
0.712500 0.002265
0.725000 0.004838
0.737500 0.006938
0.750000 0.008358
0.762500 0.008960
0.775000 0.008685
0.787500 0.007560
0.800000 0.005695
0.812500 0.003272
0.825000 0.000529
0.837500 -0.002265
0.850000 -0.004838
0.862500 -0.006938
0.875000 -0.008358
0.887500 -0.008960
0.900000 -0.008685
0.912500 -0.007560
0.925000 -0.005695
0.937500 -0.003272
0.950000 -0.000529
0.962500 0.002265
0.975000 0.004838
0.987500 0.006938
1.000000 0.008358
