0.000000 0.041859
0.012500 0.043097
0.025000 0.040115
0.037500 0.033207
0.050000 0.023048
0.062500 0.010634
0.075000 -0.002822
0.087500 -0.016001
0.100000 -0.027615
0.112500 -0.036525
0.125000 -0.041859
0.137500 -0.043097
0.150000 -0.040115
0.162500 -0.033207
0.175000 -0.023048
0.187500 -0.010634
0.200000 0.002822
0.212500 0.016001
0.225000 0.027615
0.237500 0.036525
0.250000 0.041859
0.262500 0.043097
0.275000 0.040115
0.287500 0.033207
0.300000 0.023048
0.312500 0.010634
0.325000 -0.002822
0.337500 -0.016001
0.350000 -0.027615
0.362500 -0.036525
0.375000 -0.041859
0.387500 -0.043097
0.400000 -0.040115
0.412500 -0.033207
0.425000 -0.023048
0.437500 -0.010634
0.450000 0.002822
0.462500 0.016001
0.475000 0.027615
0.487500 0.036525
0.500000 0.041859
0.512500 0.043097
0.525000 0.040115
0.537500 0.033207
0.550000 0.023048
0.562500 0.010634
0.575000 -0.002822
0.587500 -0.016001
0.600000 -0.027615
0.612500 -0.036525
0.625000 -0.041859
0.637500 -0.043097
0.650000 -0.040115
0.662500 -0.033207
0.675000 -0.023048
0.687500 -0.010634
0.700000 0.002822
0.712500 0.016001
0.725000 0.027615
0.737500 0.036525
0.750000 0.041859
0.762500 0.043097
0.775000 0.040115
0.787500 0.033207
0.800000 0.023048
0.812500 0.010634
0.825000 -0.002822
0.837500 -0.016001
0.850000 -0.027615
0.862500 -0.036525
0.875000 -0.041859
0.887500 -0.043097
0.900000 -0.040115
0.912500 -0.033207
0.925000 -0.023048
0.937500 -0.010634
0.950000 0.002822
0.962500 0.016001
0.975000 0.027615
0.987500 0.036525
1.000000 0.041859
