0.000000 0.022296
0.017857 0.029686
0.035714 0.035588
0.053571 0.039705
0.071429 0.041831
0.089286 0.041859
0.107143 0.039789
0.125000 0.035723
0.142857 0.029866
0.160714 0.022511
0.178571 0.014028
0.196429 0.004841
0.214286 -0.004589
0.232143 -0.013788
0.250000 -0.022296
0.267857 -0.029686
0.285714 -0.035588
0.303571 -0.039705
0.321429 -0.041831
0.339286 -0.041859
0.357143 -0.039789
0.375000 -0.035723
0.392857 -0.029866
0.410714 -0.022511
0.428571 -0.014028
0.446429 -0.004841
0.464286 0.004589
0.482143 0.013788
0.500000 0.022296
0.517857 0.029686
0.535714 0.035588
0.553571 0.039705
0.571429 0.041831
0.589286 0.041859
0.607143 0.039789
0.625000 0.035723
0.642857 0.029866
0.660714 0.022511
0.678571 0.014028
0.696429 0.004841
0.714286 -0.004589
0.732143 -0.013788
0.750000 -0.022296
0.767857 -0.029686
0.785714 -0.035588
0.803571 -0.039705
0.821429 -0.041831
0.839286 -0.041859
0.857143 -0.039789
0.875000 -0.035723
0.892857 -0.029866
0.910714 -0.022511
0.928571 -0.014028
0.946429 -0.004841
0.964286 0.004589
0.982143 0.013788
1.000000 0.022296
