0.000000 2824391537232687242805292619711977823594036675461713436946191173577192498677333441525386368867442412858351305218029729154644033687636204013752753563745792691977530008176963997719125176391456225704729161846691523901862216649773416448.000000
0.012500 24068467456130619661783414906988549083136368342617882971578012673330787080467488681961752587394984179493803133671907852802196309627526948889693456616344041976054216664346059169401628730371519239240148520789241763430195950532952064.000000
0.025000 200003151562261480824656198275038689315636981821919947928232162936348994547703643288570826605233582620902405150968980902775133949201752805954138781642191824157744130652658297885285197973381668750029874052695244803188068861345792.000000
0.037500 1621483436122869849269196407855765007908245232600736411713135322178275365311846817478828372101644019143306781336132655556236991307376480638452764183415895081813908401399323443715031074285578938478242123285649219032459929190400.000000
0.050000 12831812307984407447452369779411277937686770604300947000122900406929523410144980344316331250110797143520771711670845863618586759200215080473197487992718018454062718510055316519800708522899045968965482671073717210812382183424.000000
0.062500 99166861421367711113688816700767129868917856186941428056345374254201146020234433705583233353582252324255042616626498843295639494687647989693745256512407128570265573809217395503676529452524517096828702454572441030904250368.000000
0.075000 748760365752611607960253012911116099389725793757156400452861261714055419755027744928250944067663223183581956949558208890120789932758560983489754983592247908148763452065557907714648935520330819395815723811501662336450560.000000
0.087500 5525903965596696748295513577227870772628629745258448034555239051409426929717129204862813426819989042655405666668342603075717343749820016658440483441773720058951761008801903356714251598292984024097713293155129935003648.000000
0.100000 39877404758548941601699354722423842361102089634019086379273494021371922940759187675737222763363871262526204685587359370423940966110575529397762893158712943733995259137406016376526566434199396322723935414681346244608.000000
0.112500 281504401449139998884120462555916470594742114231181765975452129534253088478305055779870814540155676156325330591753847114478692352924510987558871644767634225440659964299372290257919489096521815067060145680625434624.000000
0.125000 1944657673279364082257162513497028940392718511290845841647379601399474977192237064569261142692766941961500023037677416222586173871020617149653325662442695043938801757986991657262100238608762252848231317002780672.000000
0.137500 13151017169596038838657008984198734497051165470883043098391885375491997798639851547021829308410548291779788476115827048136320246438985558649396141177138813926818963625745099986298960696033736252467277987840000.000000
0.150000 87093603939425535196898960863434211752494782744036091557537671920087857911549494407151001698286464745378926646759575675300856677468516378172813170770895546479691893281112972575063482258659633986211791503360.000000
0.162500 565029012238916417593774069707296809689524826064994204578180425458261460734775977989457236689853661768870088687284420007151932877643070293682776259235327752569166979775969029308736616434033866630076825600.000000
0.175000 3592148276455478802181217844415126499623641709361075819559925047763109173800171859975220219287865573339476923778019141749888357145660916641112320992319497597265006401348207250047020844288727432160083968.000000
0.187500 22385826868369364320232548766615833986499037941010488012059153813192840677491952277333634575990161387175003237651602669336667946111890519765023864015404596869884351174971477462497235540889758207049728.000000
0.200000 136791442803221414622724931974528378612297987615556716364111443351666658373135643883677530638792855893396766276045682433420057759093556818361495741472090316907461194459078943903082769952501949005824.000000
0.212500 819857863912309858900045248427506238974461155167754626715902784393089897032982597493977061808845469424907804922483389051105324213605519352203027900774787770863866050888437020869524133096904982528.000000
0.225000 4820972337465417359700177869020230911059789317325728892038156690955751994433839756901110620633135657276522071843782568441123439528113549792150423768052918176969765362061703128183769295176597504.000000
0.237500 27820542919281760580030986203700717368129036879580360077115525237099017770277952430022473927061966303723493824512413582331828681703066282013994340699414030421115311580214490693213279880216576.000000
0.250000 157596281940195000901143713091105659097788665908914977361586246808491622566465296577245810112868486399011413906810738592347174705298392371200435082632134105005102224387072858446017568178176.000000
0.262500 876569805361850795764029315441921724761419115738476084077097241777368247798535681459375183595328005265216294124247342833648481019071142191646238405229003935398962425162398730934118514688.000000
0.275000 4788444043117668187939828296315404206290222680877718422409894847870519657266747961836435867654479319976918663883967389654416810172617522432697035468638074181000019310025658552295620608.000000
0.287500 25696471300249394340508842139301667295157672412301276211200094527649158984856114124343581680574065760961587273975954619394359467286998899469516602526998327313111014919796081240834048.000000
0.300000 135495310881858286447415117271117040132394241112144380331136119546424872950655424782553924889228008275620187383455158545533360285053154964633272694379279072048924896738418666504192.000000
0.312500 702173094922852507991024075812221461047882529515335141367607147968816920639587493076831188721316467330577639905964297515086855128035136311263339574674503543707792369075470991360.000000
0.325000 3577072292975029599959305422527276992404157736761145648357787587371873056960268294059700315984717605553509276263144034936173389505237624354745922551151741307506575428420632576.000000
0.337500 17917049705372924806524897434913509089287518396476164151758513745372251412717337915700637784210121511662286596424516792311979911828750523961244735833240835749134579529678848.000000
0.350000 88257058248875750082106507594090342165445670977833713329540627063968977550804053538385444381018946824664796591355506748390133978986311123173995874546457893426558750687232.000000
0.362500 427624800170229617209676458517782488833103167314706594563476025538025155121716794895776107336206662021363861215111873829620387901084512186232326206735392852452982128640.000000
0.375000 2038405754028817372575006854085825485841456795917884587891339886378418090317953384436083089445626353538917664313480493235189762409841841961160269008594405168863248384.000000
0.387500 9561238333487341903981703081417180195743373002894756642158228220886897674800944179750298472400870632416872974235347005433637141575485651429883884231759978972577792.000000
0.400000 44137990219566888500366320615485550123785521842916464794453916844097054974360707460124198557103350734244658927704598392088863378250537746523747573113668927225856.000000
0.412500 200568540595465575939532850994862012864883187861652521337959778118701460729278071716724462497796468007498249127315156581959000986554214388702693404089279053824.000000
0.425000 897304321876759066603350487120131888294954168202906985291657450644361073659367252627004738720664781602647712953651693669289750326776795724893151640227414016.000000
0.437500 3952903326226700534592003059025002453781644618783341284806686368061632268251785794618106749988801957444523054792394007834237477630039516496961208068341760.000000
0.450000 17149954280277528460145698361924232299367064294503325731014730222669453883343043573351606270458704461650614142262496409597183493894549139842831346565120.000000
0.462500 73290730854653408328490906037791205416358839602180918134871965507429550196841662420335959801772572854156366662918961115525654538153687341746559647744.000000
0.475000 308561413631470656567231279031413527212622791034982283332409600447789752455910082225875530060406924354979261472010726714272508265745273524158726144.000000
0.487500 1279988533519469322762388127467499008887460807381634376657806021117586309281954800304093267838545990146432564720635597881587688974709618357829632.000000
0.500000 5232463279334326560795478954010964855521332089115185688555462603911388890449054663449160035207413232560842029886283084626830672402917617565696.000000
0.512500 21081624546904629954671945343345332999337718620407152421781353514857684097797256219833341909358715652216907479275955871987014456381500555264.000000
0.525000 83725992477101986914744230459917948862121792776699660492013648180819067215113870841873408621107108455931798386075899563339241756819456000.000000
0.537500 327818865773199044688792057701228977193379229764684973470855792625348708676833445448709391253193407125304196604972543913447181382582272.000000
0.550000 1265559604036077637652745791169275919992186292966173123464134737904035764411586013806347302324508755783907854257435936745274782777344.000000
0.562500 4817952301092049922296542823108988252092996858444734084356351676705452636140719146163254326457061241100488378745324574481177378816.000000
0.575000 18089579633194350490426236759956118993262491501556105900473173314263830963680572751795568646806521339550760133378456806060195840.000000
0.587500 66993718780567754946811965898552218921261854340327697936498481220150071729430492313066929208921538882604434625164652610322432.000000
0.600000 244755020489518947736578575303131680629323548639394174731843748887085178949473903066513785390526436203196550648728639242240.000000
0.612500 882210249613002585887588089840785801761863967906010642955057741220577217700732191524263615282664024533180956183640408064.000000
0.625000 3137656716694931594477847030759603667940631056805561101471463882660223286992984096331194864218886512074725576723660800.000000
0.637500 11012357839949191431259190030657460963465195766640923949541161981579992001288141882530656129679250858716038353125376.000000
0.650000 38145593538305596415522295062133639939770119283674606186161018650222328899185517511462571879575363133828740677632.000000
0.662500 130419985858546869894548955755602222817587663036775693539448583544876957254296044662289012210512143052517146624.000000
0.675000 440174748945444078897095546151637479357157366184769925473530659880878628454876395508458058612245695391858688.000000
0.687500 1466667909217137968843418411270657868991638279382102079888895240526785854191624353367303524012262969835520.000000
0.700000 4825114746722626206095099022569761649627554811868625197703491806524278596041002545940580599868124299264.000000
0.712500 15674555951736557548127756387109288604260585039078730329455968934072100055756291836484220381118332928.000000
0.725000 50284741505511308464018561005004096772289391720835959561685155538203139116227061809558355714244608.000000
0.737500 159320370306340764942377017962556409938513399518615634141780124387066568074881213694907277901824.000000
0.750000 498586330556511492356790212418318019471113108540140932776323389945072270298022627345468227584.000000
0.762500 1541283126475386945189807831537287943621498203858467208784115679584096072338636696719458304.000000
0.775000 4706907639874735989555613528411197112294282869320661103806061129165356834681632854114304.000000
0.787500 14201608242893481124539526948613224494060807708596967999775191852246915607317249523712.000000
0.800000 42337441210601394450581430780371367539281605729083436963460215324227703451437498368.000000
0.812500 124719047379535269064100931658751670946472066012217347313516017507925978872020992.000000
0.825000 363075716925026581017764655471959265274604650239917844734893490030948753866752.000000
0.837500 1044605453569583600175547092590491853597567287466844919992938040254862983168.000000
0.850000 2970515156269226706031112625785529859214059300392999283945941150971461632.000000
0.862500 8349658447500426994331240458442208333439608413576636652751181542588416.000000
0.875000 23200401446897394869406015738832071887008390080680302917246708088832.000000
0.887500 63729996687163283548776252953351000018398324621661051432726429696.000000
0.900000 173079259970381211906312383767071051552475133648041307916992512.000000
0.912500 464760727049007995601112885923904798740734914928332989530112.000000
0.925000 1234033648935371228340967274442956164458441775558395166720.000000
0.937500 3240164928248585844536615864636010707788862498514403328.000000
0.950000 8413535878645733324148130355390495119685504741670912.000000
0.962500 21606754502948480554015236005178040714536534671360.000000
0.975000 54881727287907328058024971990058923547982561280.000000
0.987500 137885236949295916866626981788844250808451072.000000
1.000000 685368511460985303747246045900218084360192.000000
