0.000000 1.000000
0.050000 1.000000
0.100000 1.000000
0.150000 1.000000
0.200000 1.000000
0.250000 1.000000
0.300000 1.000000
0.350000 1.000000
0.400000 1.000000
0.450000 1.000000
0.500000 0.000000
0.550000 -1.000000
0.600000 -1.000000
0.650000 -1.000000
0.700000 -1.000000
0.750000 -1.000000
0.800000 -1.000000
0.850000 -1.000000
0.900000 -1.000000
0.950000 -1.000000
0 1.000000
1 0.690983
2 0.412215
3 0.190983
4 0.048943
5 0.000000
6 0.048943
7 0.190983
8 0.412215
9 0.690983
10 1.000000
11 1.309017
12 1.587785
13 1.809017
14 1.951057
15 2.000000
16 1.951057
17 1.809017
18 1.587785
19 1.309017

0 0.000000
1 12.627503
2 0.000000
3 3.925221
4 -0.000000
5 2.000000
6 0.000000
7 1.019051
8 -0.000000
9 0.316769
10 -0.000000
11 -0.316769
12 0.000000
13 -1.019051
14 0.000000
15 -2.000000
16 -0.000000
17 -3.925221
18 -0.000000
19 -12.627503

0.000000 1.000000
0.050000 1.000000
0.100000 1.000000
0.150000 1.000000
0.200000 1.000000
0.250000 1.000000
0.300000 1.000000
0.350000 1.000000
0.400000 1.000000
0.450000 1.000000
0.500000 -0.000000
0.550000 -1.000000
0.600000 -1.000000
0.650000 -1.000000
0.700000 -1.000000
0.750000 -1.000000
0.800000 -1.000000
0.850000 -1.000000
0.900000 -1.000000
0.950000 -1.000000
