0.000000 0.000009
0.012500 0.000005
0.025000 0.000003
0.037500 0.000002
0.050000 0.000001
0.062500 0.000000
0.075000 0.000000
0.087500 0.000000
0.100000 0.000000
0.112500 0.000000
0.125000 0.000000
0.137500 0.000000
0.150000 0.000000
0.162500 0.000000
0.175000 0.000000
0.187500 0.000000
0.200000 0.000000
0.212500 0.000000
0.225000 0.000001
0.237500 0.000002
0.250000 0.000004
0.262500 0.000010
0.275000 0.000022
0.287500 0.000047
0.300000 0.000098
0.312500 0.000196
0.325000 0.000377
0.337500 0.000698
0.350000 0.001250
0.362500 0.002164
0.375000 0.003627
0.387500 0.005894
0.400000 0.009296
0.412500 0.014247
0.425000 0.021240
0.437500 0.030836
0.450000 0.043636
0.462500 0.060249
0.475000 0.081241
0.487500 0.107086
0.500000 0.138110
0.512500 0.174440
0.525000 0.215970
0.537500 0.262339
0.550000 0.312932
0.562500 0.366905
0.575000 0.423230
0.587500 0.480758
0.600000 0.538287
0.612500 0.594643
0.625000 0.648742
0.637500 0.699655
0.650000 0.746647
0.662500 0.789200
0.675000 0.827019
0.687500 0.860017
0.700000 0.888295
0.712500 0.912101
0.725000 0.931797
0.737500 0.947815
0.750000 0.960625
0.762500 0.970701
0.775000 0.978498
0.787500 0.984436
0.800000 0.988887
0.812500 0.992172
0.825000 0.994560
0.837500 0.996270
0.850000 0.997476
0.862500 0.998314
0.875000 0.998889
0.887500 0.999277
0.900000 0.999535
0.912500 0.999705
0.925000 0.999815
0.937500 0.999886
0.950000 0.999930
0.962500 0.999958
0.975000 0.999975
0.987500 0.999985
1.000000 0.999991
1.012500 0.999995
1.025000 0.999997
1.037500 0.999998
1.050000 0.999999
1.062500 1.000000
1.075000 1.000000
1.087500 1.000000
1.100000 1.000000
1.112500 1.000000
1.125000 1.000000
1.137500 1.000000
1.150000 1.000000
1.162500 1.000000
1.175000 1.000000
1.187500 1.000000
1.200000 1.000000
1.212500 1.000000
1.225000 0.999999
1.237500 0.999998
1.250000 0.999996
1.262500 0.999990
1.275000 0.999978
1.287500 0.999953
1.300000 0.999902
1.312500 0.999804
1.325000 0.999623
1.337500 0.999301
1.350000 0.998750
1.362500 0.997836
1.375000 0.996373
1.387500 0.994106
1.400000 0.990703
1.412500 0.985751
1.425000 0.978757
1.437500 0.969161
1.450000 0.956360
1.462500 0.939748
1.475000 0.918755
1.487500 0.892910
1.500000 0.861886
1.512500 0.825556
1.525000 0.784026
1.537500 0.737657
1.550000 0.687065
1.562500 0.633093
1.575000 0.576769
1.587500 0.519242
1.600000 0.461714
1.612500 0.405359
1.625000 0.351261
1.637500 0.300348
1.650000 0.253356
1.662500 0.210803
1.675000 0.172985
1.687500 0.139986
1.700000 0.111708
1.712500 0.087902
1.725000 0.068206
1.737500 0.052187
1.750000 0.039377
1.762500 0.029301
1.775000 0.021503
1.787500 0.015565
1.800000 0.011114
1.812500 0.007828
1.825000 0.005440
1.837500 0.003731
1.850000 0.002524
1.862500 0.001686
1.875000 0.001111
1.887500 0.000723
1.900000 0.000465
1.912500 0.000295
1.925000 0.000185
1.937500 0.000114
1.950000 0.000070
1.962500 0.000042
1.975000 0.000025
1.987500 0.000015
2.000000 0.000009
