0.000000 0.470312
0.012500 0.426269
0.025000 0.383302
0.037500 0.341890
0.050000 0.302452
0.062500 0.265337
0.075000 0.230814
0.087500 0.199074
0.100000 0.170223
0.112500 0.144293
0.125000 0.121249
0.137500 0.100995
0.150000 0.083386
0.162500 0.068243
0.175000 0.055358
0.187500 0.044511
0.200000 0.035474
0.212500 0.028024
0.225000 0.021944
0.237500 0.017033
0.250000 0.013105
0.262500 0.009996
0.275000 0.007558
0.287500 0.005665
0.300000 0.004210
0.312500 0.003102
0.325000 0.002266
0.337500 0.001641
0.350000 0.001178
0.362500 0.000839
0.375000 0.000593
0.387500 0.000415
0.400000 0.000288
0.412500 0.000199
0.425000 0.000136
0.437500 0.000092
0.450000 0.000062
0.462500 0.000041
0.475000 0.000027
0.487500 0.000018
0.500000 0.000012
0.512500 0.000009
0.525000 0.000007
0.537500 0.000007
0.550000 0.000010
0.562500 0.000016
0.575000 0.000026
0.587500 0.000045
0.600000 0.000077
0.612500 0.000130
0.625000 0.000214
0.637500 0.000345
0.650000 0.000548
0.662500 0.000855
0.675000 0.001309
0.687500 0.001970
0.700000 0.002914
0.712500 0.004241
0.725000 0.006072
0.737500 0.008555
0.750000 0.011868
0.762500 0.016214
0.775000 0.021824
0.787500 0.028950
0.800000 0.037862
0.812500 0.048833
0.825000 0.062135
0.837500 0.078023
0.850000 0.096720
0.862500 0.118403
0.875000 0.143189
0.887500 0.171122
0.900000 0.202165
0.912500 0.236190
0.925000 0.272979
0.937500 0.312226
0.950000 0.353542
0.962500 0.396471
0.975000 0.440504
0.987500 0.485096
1.000000 0.529688
1.012500 0.573731
1.025000 0.616698
1.037500 0.658110
1.050000 0.697548
1.062500 0.734663
1.075000 0.769186
1.087500 0.800926
1.100000 0.829777
1.112500 0.855707
1.125000 0.878751
1.137500 0.899005
1.150000 0.916614
1.162500 0.931757
1.175000 0.944642
1.187500 0.955489
1.200000 0.964526
1.212500 0.971976
1.225000 0.978056
1.237500 0.982967
1.250000 0.986895
1.262500 0.990004
1.275000 0.992442
1.287500 0.994335
1.300000 0.995790
1.312500 0.996898
1.325000 0.997734
1.337500 0.998359
1.350000 0.998822
1.362500 0.999161
1.375000 0.999407
1.387500 0.999585
1.400000 0.999712
1.412500 0.999801
1.425000 0.999864
1.437500 0.999908
1.450000 0.999938
1.462500 0.999959
1.475000 0.999973
1.487500 0.999982
1.500000 0.999988
1.512500 0.999991
1.525000 0.999993
1.537500 0.999993
1.550000 0.999990
1.562500 0.999984
1.575000 0.999974
1.587500 0.999955
1.600000 0.999923
1.612500 0.999870
1.625000 0.999786
1.637500 0.999655
1.650000 0.999452
1.662500 0.999145
1.675000 0.998691
1.687500 0.998030
1.700000 0.997085
1.712500 0.995759
1.725000 0.993928
1.737500 0.991444
1.750000 0.988132
1.762500 0.983785
1.775000 0.978175
1.787500 0.971048
1.800000 0.962137
1.812500 0.951165
1.825000 0.937863
1.837500 0.921974
1.850000 0.903277
1.862500 0.881594
1.875000 0.856809
1.887500 0.828875
1.900000 0.797832
1.912500 0.763808
1.925000 0.727019
1.937500 0.687773
1.950000 0.646457
1.962500 0.603528
1.975000 0.559496
1.987500 0.514904
2.000000 0.470312
