0.000000 0.521010
0.012500 0.552362
0.025000 0.583327
0.037500 0.613721
0.050000 0.643374
0.062500 0.672126
0.075000 0.699838
0.087500 0.726386
0.100000 0.751669
0.112500 0.775603
0.125000 0.798128
0.137500 0.819201
0.150000 0.838802
0.162500 0.856927
0.175000 0.873592
0.187500 0.888827
0.200000 0.902674
0.212500 0.915190
0.225000 0.926438
0.237500 0.936490
0.250000 0.945423
0.262500 0.953319
0.275000 0.960258
0.287500 0.966324
0.300000 0.971597
0.312500 0.976156
0.325000 0.980076
0.337500 0.983428
0.350000 0.986280
0.362500 0.988691
0.375000 0.990719
0.387500 0.992413
0.400000 0.993820
0.412500 0.994979
0.425000 0.995925
0.437500 0.996687
0.450000 0.997291
0.462500 0.997755
0.475000 0.998097
0.487500 0.998326
0.500000 0.998448
0.512500 0.998466
0.525000 0.998377
0.537500 0.998172
0.550000 0.997838
0.562500 0.997358
0.575000 0.996707
0.587500 0.995855
0.600000 0.994766
0.612500 0.993396
0.625000 0.991696
0.637500 0.989609
0.650000 0.987070
0.662500 0.984010
0.675000 0.980350
0.687500 0.976009
0.700000 0.970897
0.712500 0.964925
0.725000 0.957997
0.737500 0.950020
0.750000 0.940901
0.762500 0.930551
0.775000 0.918886
0.787500 0.905832
0.800000 0.891324
0.812500 0.875313
0.825000 0.857764
0.837500 0.838661
0.850000 0.818006
0.862500 0.795823
0.875000 0.772158
0.887500 0.747081
0.900000 0.720681
0.912500 0.693071
0.925000 0.664384
0.937500 0.634769
0.950000 0.604394
0.962500 0.573436
0.975000 0.542086
0.987500 0.510539
1.000000 0.478991
1.012500 0.447638
1.025000 0.416674
1.037500 0.386279
1.050000 0.356627
1.062500 0.327875
1.075000 0.300163
1.087500 0.273615
1.100000 0.248332
1.112500 0.224398
1.125000 0.201874
1.137500 0.180800
1.150000 0.161200
1.162500 0.143074
1.175000 0.126409
1.187500 0.111174
1.200000 0.097327
1.212500 0.084811
1.225000 0.073563
1.237500 0.063511
1.250000 0.054578
1.262500 0.046682
1.275000 0.039743
1.287500 0.033677
1.300000 0.028404
1.312500 0.023845
1.325000 0.019925
1.337500 0.016572
1.350000 0.013721
1.362500 0.011309
1.375000 0.009281
1.387500 0.007587
1.400000 0.006180
1.412500 0.005021
1.425000 0.004075
1.437500 0.003313
1.450000 0.002710
1.462500 0.002245
1.475000 0.001903
1.487500 0.001675
1.500000 0.001552
1.512500 0.001534
1.525000 0.001623
1.537500 0.001829
1.550000 0.002162
1.562500 0.002642
1.575000 0.003293
1.587500 0.004145
1.600000 0.005234
1.612500 0.006604
1.625000 0.008304
1.637500 0.010391
1.650000 0.012930
1.662500 0.015990
1.675000 0.019650
1.687500 0.023991
1.700000 0.029103
1.712500 0.035075
1.725000 0.042003
1.737500 0.049980
1.750000 0.059099
1.762500 0.069449
1.775000 0.081114
1.787500 0.094168
1.800000 0.108676
1.812500 0.124687
1.825000 0.142236
1.837500 0.161339
1.850000 0.181994
1.862500 0.204177
1.875000 0.227842
1.887500 0.252919
1.900000 0.279319
1.912500 0.306929
1.925000 0.335616
1.937500 0.365231
1.950000 0.395606
1.962500 0.426564
1.975000 0.457914
1.987500 0.489461
2.000000 0.521009
