0.000000 0.000000
0.012500 0.000002
0.025000 0.000016
0.037500 0.000092
0.050000 0.000397
0.062500 0.001374
0.075000 0.003982
0.087500 0.009952
0.100000 0.021903
0.112500 0.043169
0.125000 0.077220
0.137500 0.126781
0.150000 0.192898
0.162500 0.274306
0.175000 0.367373
0.187500 0.466665
0.200000 0.565967
0.212500 0.659427
0.225000 0.742493
0.237500 0.812428
0.250000 0.868358
0.262500 0.910953
0.275000 0.941915
0.287500 0.963441
0.300000 0.977781
0.312500 0.986950
0.325000 0.992588
0.337500 0.995926
0.350000 0.997830
0.362500 0.998880
0.375000 0.999439
0.387500 0.999727
0.400000 0.999871
0.412500 0.999941
0.425000 0.999974
0.437500 0.999989
0.450000 0.999995
0.462500 0.999998
0.475000 0.999999
0.487500 1.000000
0.500000 1.000000
0.512500 1.000000
0.525000 1.000000
0.537500 1.000000
0.550000 1.000000
0.562500 1.000000
0.575000 1.000000
0.587500 1.000000
0.600000 1.000000
0.612500 1.000000
0.625000 1.000000
0.637500 1.000000
0.650000 1.000000
0.662500 1.000000
0.675000 1.000000
0.687500 1.000000
0.700000 1.000000
0.712500 1.000000
0.725000 1.000000
0.737500 1.000000
0.750000 1.000000
0.762500 1.000000
0.775000 1.000000
0.787500 1.000000
0.800000 1.000000
0.812500 1.000000
0.825000 1.000000
0.837500 1.000000
0.850000 1.000000
0.862500 1.000000
0.875000 1.000000
0.887500 1.000000
0.900000 1.000000
0.912500 1.000000
0.925000 1.000000
0.937500 1.000000
0.950000 1.000000
0.962500 1.000000
0.975000 1.000000
0.987500 1.000000
1.000000 1.000000
1.012500 0.999998
1.025000 0.999984
1.037500 0.999908
1.050000 0.999603
1.062500 0.998625
1.075000 0.996015
1.087500 0.990043
1.100000 0.978089
1.112500 0.956821
1.125000 0.922768
1.137500 0.873206
1.150000 0.807090
1.162500 0.725685
1.175000 0.632622
1.187500 0.533335
1.200000 0.434038
1.212500 0.340582
1.225000 0.257518
1.237500 0.187584
1.250000 0.131653
1.262500 0.089056
1.275000 0.058092
1.287500 0.036565
1.300000 0.022224
1.312500 0.013052
1.325000 0.007414
1.337500 0.004076
1.350000 0.002170
1.362500 0.001120
1.375000 0.000561
1.387500 0.000273
1.400000 0.000129
1.412500 0.000059
1.425000 0.000026
1.437500 0.000011
1.450000 0.000005
1.462500 0.000002
1.475000 0.000001
1.487500 0.000000
1.500000 0.000000
1.512500 0.000000
1.525000 0.000000
1.537500 0.000000
1.550000 0.000000
1.562500 0.000000
1.575000 0.000000
1.587500 0.000000
1.600000 0.000000
1.612500 0.000000
1.625000 0.000000
1.637500 0.000000
1.650000 0.000000
1.662500 0.000000
1.675000 0.000000
1.687500 0.000000
1.700000 0.000000
1.712500 0.000000
1.725000 0.000000
1.737500 0.000000
1.750000 0.000000
1.762500 0.000000
1.775000 0.000000
1.787500 0.000000
1.800000 0.000000
1.812500 0.000000
1.825000 0.000000
1.837500 0.000000
1.850000 0.000000
1.862500 0.000000
1.875000 0.000000
1.887500 0.000000
1.900000 0.000000
1.912500 0.000000
1.925000 0.000000
1.937500 0.000000
1.950000 0.000000
1.962500 0.000000
1.975000 0.000000
1.987500 0.000000
2.000000 0.000000
