0.000000 0.000331
0.012500 0.002998
0.025000 0.013688
0.037500 0.042243
0.050000 0.099422
0.062500 0.190992
0.075000 0.313165
0.087500 0.452849
0.100000 0.592560
0.112500 0.716744
0.125000 0.816066
0.137500 0.888269
0.150000 0.936372
0.162500 0.965948
0.175000 0.982831
0.187500 0.991823
0.200000 0.996313
0.212500 0.998422
0.225000 0.999358
0.237500 0.999751
0.250000 0.999908
0.262500 0.999967
0.275000 0.999989
0.287500 0.999996
0.300000 0.999999
0.312500 1.000000
0.325000 1.000000
0.337500 1.000000
0.350000 1.000000
0.362500 1.000000
0.375000 1.000000
0.387500 1.000000
0.400000 1.000000
0.412500 1.000000
0.425000 1.000000
0.437500 1.000000
0.450000 1.000000
0.462500 1.000000
0.475000 1.000000
0.487500 1.000000
0.500000 1.000000
0.512500 1.000000
0.525000 1.000000
0.537500 1.000000
0.550000 1.000000
0.562500 1.000000
0.575000 1.000000
0.587500 1.000000
0.600000 1.000000
0.612500 1.000000
0.625000 1.000000
0.637500 1.000000
0.650000 1.000000
0.662500 1.000000
0.675000 1.000000
0.687500 1.000000
0.700000 1.000000
0.712500 1.000000
0.725000 1.000000
0.737500 1.000000
0.750000 1.000000
0.762500 1.000000
0.775000 1.000000
0.787500 1.000000
0.800000 1.000000
0.812500 1.000000
0.825000 1.000000
0.837500 1.000000
0.850000 1.000000
0.862500 1.000000
0.875000 1.000000
0.887500 1.000000
0.900000 1.000000
0.912500 1.000000
0.925000 1.000000
0.937500 1.000000
0.950000 1.000000
0.962500 1.000000
0.975000 1.000000
0.987500 1.000000
1.000000 0.999667
1.012500 0.996996
1.025000 0.986298
1.037500 0.957734
1.050000 0.900551
1.062500 0.808984
1.075000 0.686821
1.087500 0.547151
1.100000 0.407453
1.112500 0.283276
1.125000 0.183955
1.137500 0.111751
1.150000 0.063643
1.162500 0.034062
1.175000 0.017176
1.187500 0.008181
1.200000 0.003689
1.212500 0.001579
1.225000 0.000643
1.237500 0.000249
1.250000 0.000092
1.262500 0.000033
1.275000 0.000011
1.287500 0.000004
1.300000 0.000001
1.312500 0.000000
1.325000 0.000000
1.337500 0.000000
1.350000 0.000000
1.362500 0.000000
1.375000 0.000000
1.387500 0.000000
1.400000 0.000000
1.412500 0.000000
1.425000 0.000000
1.437500 0.000000
1.450000 0.000000
1.462500 0.000000
1.475000 0.000000
1.487500 0.000000
1.500000 0.000000
1.512500 0.000000
1.525000 0.000000
1.537500 0.000000
1.550000 0.000000
1.562500 0.000000
1.575000 0.000000
1.587500 0.000000
1.600000 0.000000
1.612500 0.000000
1.625000 0.000000
1.637500 0.000000
1.650000 0.000000
1.662500 0.000000
1.675000 0.000000
1.687500 0.000000
1.700000 0.000000
1.712500 0.000000
1.725000 0.000000
1.737500 0.000000
1.750000 0.000000
1.762500 0.000000
1.775000 0.000000
1.787500 0.000000
1.800000 0.000000
1.812500 0.000000
1.825000 0.000000
1.837500 0.000000
1.850000 0.000000
1.862500 0.000000
1.875000 0.000000
1.887500 0.000000
1.900000 0.000000
1.912500 0.000000
1.925000 0.000000
1.937500 0.000000
1.950000 0.000000
1.962500 0.000000
1.975000 0.000000
1.987500 0.000000
2.000000 0.000333
