0.000000 0.000059
0.012500 0.000073
0.025000 0.000080
0.037500 0.000079
0.050000 0.000070
0.062500 0.000055
0.075000 0.000034
0.087500 0.000009
0.100000 -0.000016
0.112500 -0.000039
0.125000 -0.000059
0.137500 -0.000073
0.150000 -0.000080
0.162500 -0.000079
0.175000 -0.000070
0.187500 -0.000055
0.200000 -0.000034
0.212500 -0.000009
0.225000 0.000016
0.237500 0.000039
0.250000 0.000059
0.262500 0.000073
0.275000 0.000080
0.287500 0.000079
0.300000 0.000070
0.312500 0.000055
0.325000 0.000034
0.337500 0.000009
0.350000 -0.000016
0.362500 -0.000039
0.375000 -0.000059
0.387500 -0.000073
0.400000 -0.000080
0.412500 -0.000079
0.425000 -0.000070
0.437500 -0.000055
0.450000 -0.000034
0.462500 -0.000009
0.475000 0.000016
0.487500 0.000039
0.500000 0.000059
0.512500 0.000073
0.525000 0.000080
0.537500 0.000079
0.550000 0.000070
0.562500 0.000055
0.575000 0.000034
0.587500 0.000009
0.600000 -0.000016
0.612500 -0.000039
0.625000 -0.000059
0.637500 -0.000073
0.650000 -0.000080
0.662500 -0.000079
0.675000 -0.000070
0.687500 -0.000055
0.700000 -0.000034
0.712500 -0.000009
0.725000 0.000016
0.737500 0.000039
0.750000 0.000059
0.762500 0.000073
0.775000 0.000080
0.787500 0.000079
0.800000 0.000070
0.812500 0.000055
0.825000 0.000034
0.837500 0.000009
0.850000 -0.000016
0.862500 -0.000039
0.875000 -0.000059
0.887500 -0.000073
0.900000 -0.000080
0.912500 -0.000079
0.925000 -0.000070
0.937500 -0.000055
0.950000 -0.000034
0.962500 -0.000009
0.975000 0.000016
0.987500 0.000039
1.000000 0.000059
