0.000000 0.001639
0.012500 0.001834
0.025000 0.001849
0.037500 0.001684
0.050000 0.001353
0.062500 0.000890
0.075000 0.000340
0.087500 -0.000243
0.100000 -0.000803
0.112500 -0.001284
0.125000 -0.001639
0.137500 -0.001834
0.150000 -0.001849
0.162500 -0.001684
0.175000 -0.001353
0.187500 -0.000890
0.200000 -0.000340
0.212500 0.000243
0.225000 0.000803
0.237500 0.001284
0.250000 0.001639
0.262500 0.001834
0.275000 0.001849
0.287500 0.001684
0.300000 0.001353
0.312500 0.000890
0.325000 0.000340
0.337500 -0.000243
0.350000 -0.000803
0.362500 -0.001284
0.375000 -0.001639
0.387500 -0.001834
0.400000 -0.001849
0.412500 -0.001684
0.425000 -0.001353
0.437500 -0.000890
0.450000 -0.000340
0.462500 0.000243
0.475000 0.000803
0.487500 0.001284
0.500000 0.001639
0.512500 0.001834
0.525000 0.001849
0.537500 0.001684
0.550000 0.001353
0.562500 0.000890
0.575000 0.000340
0.587500 -0.000243
0.600000 -0.000803
0.612500 -0.001284
0.625000 -0.001639
0.637500 -0.001834
0.650000 -0.001849
0.662500 -0.001684
0.675000 -0.001353
0.687500 -0.000890
0.700000 -0.000340
0.712500 0.000243
0.725000 0.000803
0.737500 0.001284
0.750000 0.001639
0.762500 0.001834
0.775000 0.001849
0.787500 0.001684
0.800000 0.001353
0.812500 0.000890
0.825000 0.000340
0.837500 -0.000243
0.850000 -0.000803
0.862500 -0.001284
0.875000 -0.001639
0.887500 -0.001834
0.900000 -0.001849
0.912500 -0.001684
0.925000 -0.001353
0.937500 -0.000890
0.950000 -0.000340
0.962500 0.000243
0.975000 0.000803
0.987500 0.001284
1.000000 0.001639
