0.000000 0.819305
0.012500 0.820821
0.025000 0.817277
0.037500 0.808694
0.050000 0.795124
0.062500 0.776653
0.075000 0.753393
0.087500 0.725488
0.100000 0.693111
0.112500 0.656460
0.125000 0.615762
0.137500 0.571268
0.150000 0.523251
0.162500 0.472008
0.175000 0.417856
0.187500 0.361127
0.200000 0.302172
0.212500 0.241353
0.225000 0.179047
0.237500 0.115637
0.250000 0.051514
0.262500 -0.012927
0.275000 -0.077288
0.287500 -0.141173
0.300000 -0.204187
0.312500 -0.265942
0.325000 -0.326058
0.337500 -0.384163
0.350000 -0.439900
0.362500 -0.492925
0.375000 -0.542911
0.387500 -0.589549
0.400000 -0.632553
0.412500 -0.671657
0.425000 -0.706620
0.437500 -0.737226
0.450000 -0.763287
0.462500 -0.784642
0.475000 -0.801160
0.487500 -0.812738
0.500000 -0.819305
0.512500 -0.820821
0.525000 -0.817277
0.537500 -0.808694
0.550000 -0.795124
0.562500 -0.776653
0.575000 -0.753393
0.587500 -0.725488
0.600000 -0.693111
0.612500 -0.656460
0.625000 -0.615762
0.637500 -0.571268
0.650000 -0.523251
0.662500 -0.472008
0.675000 -0.417856
0.687500 -0.361127
0.700000 -0.302172
0.712500 -0.241353
0.725000 -0.179047
0.737500 -0.115637
0.750000 -0.051514
0.762500 0.012927
0.775000 0.077288
0.787500 0.141173
0.800000 0.204187
0.812500 0.265942
0.825000 0.326058
0.837500 0.384163
0.850000 0.439900
0.862500 0.492925
0.875000 0.542911
0.887500 0.589549
0.900000 0.632553
0.912500 0.671657
0.925000 0.706620
0.937500 0.737226
0.950000 0.763287
0.962500 0.784642
0.975000 0.801160
0.987500 0.812738
1.000000 0.819305
