0.000000 0.668608
0.012500 0.673169
0.025000 0.673581
0.037500 0.669839
0.050000 0.661968
0.062500 0.650016
0.075000 0.634056
0.087500 0.614186
0.100000 0.590530
0.112500 0.563234
0.125000 0.532464
0.137500 0.498412
0.150000 0.461287
0.162500 0.421319
0.175000 0.378752
0.187500 0.333850
0.200000 0.286891
0.212500 0.238162
0.225000 0.187965
0.237500 0.136609
0.250000 0.084411
0.262500 0.031692
0.275000 -0.021222
0.287500 -0.074005
0.300000 -0.126332
0.312500 -0.177880
0.325000 -0.228331
0.337500 -0.277375
0.350000 -0.324708
0.362500 -0.370040
0.375000 -0.413090
0.387500 -0.453593
0.400000 -0.491300
0.412500 -0.525977
0.425000 -0.557412
0.437500 -0.585410
0.450000 -0.609799
0.462500 -0.630429
0.475000 -0.647171
0.487500 -0.659924
0.500000 -0.668608
0.512500 -0.673169
0.525000 -0.673581
0.537500 -0.669839
0.550000 -0.661968
0.562500 -0.650016
0.575000 -0.634056
0.587500 -0.614186
0.600000 -0.590530
0.612500 -0.563234
0.625000 -0.532464
0.637500 -0.498412
0.650000 -0.461287
0.662500 -0.421319
0.675000 -0.378752
0.687500 -0.333850
0.700000 -0.286891
0.712500 -0.238162
0.725000 -0.187965
0.737500 -0.136609
0.750000 -0.084411
0.762500 -0.031692
0.775000 0.021222
0.787500 0.074005
0.800000 0.126332
0.812500 0.177880
0.825000 0.228331
0.837500 0.277375
0.850000 0.324708
0.862500 0.370040
0.875000 0.413090
0.887500 0.453593
0.900000 0.491300
0.912500 0.525977
0.925000 0.557412
0.937500 0.585410
0.950000 0.609799
0.962500 0.630429
0.975000 0.647171
0.987500 0.659924
1.000000 0.668608
